Éí¸ß	ÌåÖØ	ÁìÎ§	Ðä³¤	¼ç¿í	ÐØÎ§	ÖÐÑü	¿ã³¤	Ðä·Ê	¿ãÑü	ÍÎÎ§	´óÍÈÎ§	ÒÂ³¤	Ö±µµ	Ðä¿Ú
173	49	36	62	42.9	84.9	72.2	100.9	27.2	76.6	85.6	47.3	71.8	59.4	16.8
173	50	36.2	61.9	43.1	85.5	72.9	100.9	27.5	77.2	86.2	47.7	71.9	59.6	16.9
173	51	36.3	61.9	43.3	86.2	73.7	100.9	27.7	77.8	86.8	48.1	72	59.9	16.9
173	52	36.5	61.9	43.4	86.8	74.5	100.9	27.9	78.3	87.4	48.5	72.1	60.1	17
173	53	36.6	61.9	43.6	87.4	75.2	100.9	28.2	78.9	87.9	48.8	72.2	60.4	17
173	54	36.8	61.9	43.8	88.1	76	100.9	28.4	79.5	88.5	49.2	72.3	60.6	17.1
173	55	36.9	61.9	44	88.7	76.8	100.9	28.6	80	89.1	49.6	72.4	60.9	17.1
173	56	37.1	61.9	44.2	89.3	77.5	100.9	28.9	80.6	89.7	50	72.5	61.1	17.2
173	57	37.2	61.9	44.3	90	78.3	100.8	29.1	81.2	90.3	50.4	72.6	61.4	17.3
173	58	37.4	61.9	44.5	90.6	79.1	100.8	29.3	81.8	90.8	50.8	72.7	61.6	17.3
173	59	37.5	61.9	44.7	91.2	79.8	100.8	29.6	82.3	91.4	51.2	72.8	61.9	17.4
173	60	37.7	61.8	44.9	91.9	80.6	100.8	29.8	82.9	92	51.5	72.9	62.1	17.4
173	61	37.9	61.8	45	92.5	81.3	100.8	30	83.5	92.6	51.9	73	62.4	17.5
173	62	38	61.8	45.2	93.2	82.1	100.8	30.3	84.1	93.2	52.3	73.1	62.6	17.5
173	63	38.2	61.8	45.4	93.8	82.9	100.8	30.5	84.6	93.7	52.7	73.2	62.9	17.6
173	64	38.3	61.8	45.6	94.4	83.6	100.8	30.7	85.2	94.3	53.1	73.3	63.1	17.6
173	65	38.5	61.8	45.8	95.1	84.4	100.8	31	85.8	94.9	53.5	73.4	63.4	17.7
173	66	38.6	61.8	45.9	95.7	85.2	100.8	31.2	86.4	95.5	53.9	73.5	63.6	17.8
173	67	38.8	61.8	46.1	96.3	85.9	100.8	31.4	86.9	96.1	54.2	73.6	63.9	17.8
173	68	38.9	61.8	46.3	97	86.7	100.7	31.7	87.5	96.7	54.6	73.7	64.1	17.9
173	69	39.1	61.7	46.5	97.6	87.4	100.7	31.9	88.1	97.2	55	73.8	64.4	17.9
173	70	39.2	61.7	46.6	98.2	88.2	100.7	32.1	88.7	97.8	55.4	73.9	64.6	18
173	71	39.4	61.7	46.8	98.9	89	100.7	32.3	89.2	98.4	55.8	74	64.9	18
173	72	39.5	61.7	47	99.5	89.7	100.7	32.6	89.8	99	56.2	74.1	65.1	18.1
173	73	39.7	61.7	47.2	100.1	90.5	100.7	32.8	90.4	99.6	56.6	74.2	65.4	18.2
173	74	39.8	61.7	47.4	100.8	91.3	100.7	33	91	100.1	56.9	74.3	65.6	18.2
173	75	40	61.7	47.5	101.4	92	100.7	33.3	91.5	100.7	57.3	74.4	65.9	18.3
173	76	40.1	61.7	47.7	102.1	92.8	100.7	33.5	92.1	101.3	57.7	74.5	66.1	18.3
173	77	40.3	61.7	47.9	102.7	93.6	100.7	33.7	92.7	101.9	58.1	74.6	66.4	18.4
173	78	40.4	61.7	48.1	103.3	94.3	100.6	34	93.2	102.5	58.5	74.7	66.6	18.4
173	79	40.6	61.6	48.2	104	95.1	100.6	34.2	93.8	103	58.9	74.8	66.9	18.5
173	80	40.7	61.6	48.4	104.6	95.8	100.6	34.4	94.4	103.6	59.3	74.9	67.1	18.6
173	81	40.9	61.6	48.6	105.2	96.6	100.6	34.7	95	104.2	59.6	75	67.3	18.6
173	82	41	61.6	48.8	105.9	97.4	100.6	34.9	95.5	104.8	60	75.1	67.6	18.7
173	83	41.2	61.6	49	106.5	98.1	100.6	35.1	96.1	105.4	60.4	75.2	67.8	18.7
173	84	41.3	61.6	49.1	107.1	98.9	100.6	35.4	96.7	105.9	60.8	75.3	68.1	18.8
173	85	41.5	61.6	49.3	107.8	99.7	100.6	35.6	97.3	106.5	61.2	75.4	68.3	18.8
173	86	41.6	61.6	49.5	108.4	100.4	100.6	35.8	97.8	107.1	61.6	75.5	68.6	18.9
173	87	41.8	61.6	49.7	109	101.2	100.6	36.1	98.4	107.7	62	75.6	68.8	19
173	88	41.9	61.5	49.9	109.7	101.9	100.6	36.3	99	108.3	62.4	75.7	69.1	19
173	89	42.1	61.5	50	110.3	102.7	100.5	36.5	99.6	108.9	62.7	75.8	69.3	19.1
173	90	42.2	61.5	50.2	111	103.5	100.5	36.8	100.1	109.4	63.1	75.9	69.6	19.1
173	91	42.4	61.5	50.4	111.6	104.2	100.5	37	100.7	110	63.5	76	69.8	19.2
173	92	42.5	61.5	50.6	112.2	105	100.5	37.2	101.3	110.6	63.9	76.1	70.1	19.2
173	93	42.7	61.5	50.7	112.9	105.8	100.5	37.5	101.9	111.2	64.3	76.2	70.3	19.3
173	94	42.8	61.5	50.9	113.5	106.5	100.5	37.7	102.4	111.8	64.7	76.3	70.6	19.4
173	95	43	61.5	51.1	114.1	107.3	100.5	37.9	103	112.3	65.1	76.4	70.8	19.4
173	96	43.2	61.5	51.3	114.8	108.1	100.5	38.2	103.6	112.9	65.4	76.5	71.1	19.5
173	97	43.3	61.5	51.5	115.4	108.8	100.5	38.4	104.2	113.5	65.8	76.6	71.3	19.5
173	98	43.5	61.4	51.6	116	109.6	100.5	38.6	104.7	114.1	66.2	76.7	71.6	19.6
173	99	43.6	61.4	51.8	116.7	110.3	100.4	38.8	105.3	114.7	66.6	76.8	71.8	19.6
173	100	43.8	61.4	52	117.3	111.1	100.4	39.1	105.9	115.2	67	76.9	72.1	19.7
173	101	43.9	61.4	52.2	118	111.9	100.4	39.3	106.5	115.8	67.4	77	72.3	19.8
173	102	44.1	61.4	52.3	118.6	112.6	100.4	39.5	107	116.4	67.8	77.1	72.6	19.8
173	103	44.2	61.4	52.5	119.2	113.4	100.4	39.8	107.6	117	68.1	77.2	72.8	19.9
173	104	44.4	61.4	52.7	119.9	114.2	100.4	40	108.2	117.6	68.5	77.3	73.1	19.9
173	105	44.5	61.4	52.9	120.5	114.9	100.4	40.2	108.7	118.1	68.9	77.4	73.3	20
173	106	44.7	61.4	53.1	121.1	115.7	100.4	40.5	109.3	118.7	69.3	77.5	73.6	20
173	107	44.8	61.3	53.2	121.8	116.4	100.4	40.7	109.9	119.3	69.7	77.6	73.8	20.1
173	108	45	61.3	53.4	122.4	117.2	100.4	40.9	110.5	119.9	70.1	77.7	74.1	20.2
173	109	45.1	61.3	53.6	123	118	100.4	41.2	111	120.5	70.5	77.8	74.3	20.2
173	110	45.3	61.3	53.8	123.7	118.7	100.3	41.4	111.6	121	70.8	77.9	74.6	20.3
173	111	45.4	61.3	53.9	124.3	119.5	100.3	41.6	112.2	121.6	71.2	78	74.8	20.3
173	112	45.6	61.3	54.1	125	120.3	100.3	41.9	112.8	122.2	71.6	78.1	75.1	20.4
173	113	45.7	61.3	54.3	125.6	121	100.3	42.1	113.3	122.8	72	78.2	75.3	20.4
173	114	45.9	61.3	54.5	126.2	121.8	100.3	42.3	113.9	123.4	72.4	78.3	75.6	20.5
173	115	46	61.3	54.7	126.9	122.6	100.3	42.6	114.5	124	72.8	78.4	75.8	20.6
173	116	46.2	61.2	54.8	127.5	123.3	100.3	42.8	115.1	124.5	73.2	78.5	76.1	20.6
173	117	46.3	61.2	55	128.1	124.1	100.3	43	115.6	125.1	73.5	78.6	76.3	20.7
173	118	46.5	61.2	55.2	128.8	124.8	100.3	43.3	116.2	125.7	73.9	78.7	76.6	20.7
173	119	46.6	61.2	55.4	129.4	125.6	100.3	43.5	116.8	126.3	74.3	78.8	76.8	20.8
173	120	46.8	61.2	55.6	130	126.4	100.2	43.7	117.4	126.9	74.7	78.9	77.1	20.8
173	121	46.9	61.2	55.7	130.7	127.1	100.2	44	117.9	127.4	75.1	79	77.3	20.9
173	122	47.1	61.2	55.9	131.3	127.9	100.2	44.2	118.5	128	75.5	79.1	77.6	21
173	123	47.2	61.2	56.1	131.9	128.7	100.2	44.4	119.1	128.6	75.9	79.2	77.8	21
173	124	47.4	61.2	56.3	132.6	129.4	100.2	44.7	119.7	129.2	76.3	79.3	78.1	21.1
173	125	47.5	61.2	56.4	133.2	130.2	100.2	44.9	120.2	129.8	76.6	79.4	78.3	21.1
173	126	47.7	61.1	56.6	133.8	130.9	100.2	45.1	120.8	130.3	77	79.5	78.6	21.2
173	127	47.8	61.1	56.8	134.5	131.7	100.2	45.3	121.4	130.9	77.4	79.6	78.8	21.2
173	128	48	61.1	57	135.1	132.5	100.2	45.6	122	131.5	77.8	79.7	79.1	21.3
173	129	48.1	61.1	57.2	135.8	133.2	100.2	45.8	122.5	132.1	78.2	79.8	79.3	21.3
173	130	48.3	61.1	57.3	136.4	134	100.2	46	123.1	132.7	78.6	79.9	79.6	21.4
174	35	33.9	62.5	40.5	75.8	61.2	101.7	23.9	68.4	77.3	41.7	70.7	55.8	16
174	36	34	62.5	40.6	76.4	61.9	101.7	24.1	69	77.8	42.1	70.8	56.1	16.1
174	37	34.2	62.5	40.8	77.1	62.7	101.7	24.3	69.5	78.4	42.5	70.9	56.3	16.1
174	38	34.3	62.5	41	77.7	63.4	101.7	24.6	70.1	79	42.9	71	56.6	16.2
174	39	34.5	62.5	41.2	78.3	64.2	101.7	24.8	70.7	79.6	43.3	71.1	56.8	16.2
174	40	34.6	62.5	41.4	79	65	101.7	25	71.3	80.2	43.6	71.2	57.1	16.3
174	41	34.8	62.4	41.5	79.6	65.7	101.6	25.3	71.8	80.8	44	71.3	57.3	16.4
174	42	34.9	62.4	41.7	80.2	66.5	101.6	25.5	72.4	81.3	44.4	71.4	57.6	16.4
174	43	35.1	62.4	41.9	80.9	67.3	101.6	25.7	73	81.9	44.8	71.5	57.8	16.5
174	44	35.2	62.4	42.1	81.5	68	101.6	26	73.6	82.5	45.2	71.6	58.1	16.5
174	45	35.4	62.4	42.3	82.2	68.8	101.6	26.2	74.1	83.1	45.6	71.7	58.3	16.6
174	46	35.5	62.4	42.4	82.8	69.5	101.6	26.4	74.7	83.7	46	71.8	58.6	16.6
174	47	35.7	62.4	42.6	83.4	70.3	101.6	26.7	75.3	84.2	46.3	71.9	58.8	16.7
174	48	35.8	62.4	42.8	84.1	71.1	101.6	26.9	75.9	84.8	46.7	72	59.1	16.8
174	49	36	62.4	43	84.7	71.8	101.6	27.1	76.4	85.4	47.1	72.1	59.3	16.8
174	50	36.2	62.4	43.1	85.3	72.6	101.6	27.4	77	86	47.5	72.2	59.6	16.9
174	51	36.3	62.3	43.3	86	73.4	101.6	27.6	77.6	86.6	47.9	72.3	59.8	16.9
174	52	36.5	62.3	43.5	86.6	74.1	101.5	27.8	78.2	87.1	48.3	72.4	60.1	17
174	53	36.6	62.3	43.7	87.2	74.9	101.5	28	78.7	87.7	48.7	72.5	60.3	17
174	54	36.8	62.3	43.9	87.9	75.7	101.5	28.3	79.3	88.3	49	72.6	60.6	17.1
174	55	36.9	62.3	44	88.5	76.4	101.5	28.5	79.9	88.9	49.4	72.8	60.8	17.1
174	56	37.1	62.3	44.2	89.2	77.2	101.5	28.7	80.4	89.5	49.8	72.9	61.1	17.2
174	57	37.2	62.3	44.4	89.8	77.9	101.5	29	81	90	50.2	73	61.3	17.3
174	58	37.4	62.3	44.6	90.4	78.7	101.5	29.2	81.6	90.6	50.6	73.1	61.6	17.3
174	59	37.5	62.3	44.7	91.1	79.5	101.5	29.4	82.2	91.2	51	73.2	61.8	17.4
174	60	37.7	62.2	44.9	91.7	80.2	101.5	29.7	82.7	91.8	51.4	73.3	62.1	17.4
174	61	37.8	62.2	45.1	92.3	81	101.5	29.9	83.3	92.4	51.7	73.4	62.3	17.5
174	62	38	62.2	45.3	93	81.8	101.4	30.1	83.9	93	52.1	73.5	62.6	17.5
174	63	38.1	62.2	45.5	93.6	82.5	101.4	30.4	84.5	93.5	52.5	73.6	62.8	17.6
174	64	38.3	62.2	45.6	94.2	83.3	101.4	30.6	85	94.1	52.9	73.7	63.1	17.7
174	65	38.4	62.2	45.8	94.9	84	101.4	30.8	85.6	94.7	53.3	73.8	63.3	17.7
174	66	38.6	62.2	46	95.5	84.8	101.4	31.1	86.2	95.3	53.7	73.9	63.6	17.8
174	67	38.7	62.2	46.2	96.1	85.6	101.4	31.3	86.8	95.9	54.1	74	63.8	17.8
174	68	38.9	62.2	46.4	96.8	86.3	101.4	31.5	87.3	96.4	54.5	74.1	64.1	17.9
174	69	39	62.2	46.5	97.4	87.1	101.4	31.8	87.9	97	54.8	74.2	64.3	17.9
174	70	39.2	62.1	46.7	98.1	87.9	101.4	32	88.5	97.6	55.2	74.3	64.6	18
174	71	39.3	62.1	46.9	98.7	88.6	101.4	32.2	89.1	98.2	55.6	74.4	64.8	18.1
174	72	39.5	62.1	47.1	99.3	89.4	101.4	32.5	89.6	98.8	56	74.5	65.1	18.1
174	73	39.6	62.1	47.2	100	90.2	101.3	32.7	90.2	99.3	56.4	74.6	65.3	18.2
174	74	39.8	62.1	47.4	100.6	90.9	101.3	32.9	90.8	99.9	56.8	74.7	65.6	18.2
174	75	39.9	62.1	47.6	101.2	91.7	101.3	33.2	91.4	100.5	57.2	74.8	65.8	18.3
174	76	40.1	62.1	47.8	101.9	92.4	101.3	33.4	91.9	101.1	57.5	74.9	66.1	18.3
174	77	40.2	62.1	48	102.5	93.2	101.3	33.6	92.5	101.7	57.9	75	66.3	18.4
174	78	40.4	62.1	48.1	103.1	94	101.3	33.9	93.1	102.2	58.3	75.1	66.6	18.5
174	79	40.5	62	48.3	103.8	94.7	101.3	34.1	93.7	102.8	58.7	75.2	66.8	18.5
174	80	40.7	62	48.5	104.4	95.5	101.3	34.3	94.2	103.4	59.1	75.3	67.1	18.6
174	81	40.8	62	48.7	105	96.3	101.3	34.5	94.8	104	59.5	75.4	67.3	18.6
174	82	41	62	48.8	105.7	97	101.3	34.8	95.4	104.6	59.9	75.5	67.6	18.7
174	83	41.1	62	49	106.3	97.8	101.2	35	95.9	105.2	60.2	75.6	67.8	18.7
174	84	41.3	62	49.2	107	98.5	101.2	35.2	96.5	105.7	60.6	75.7	68.1	18.8
174	85	41.5	62	49.4	107.6	99.3	101.2	35.5	97.1	106.3	61	75.8	68.3	18.9
174	86	41.6	62	49.6	108.2	100.1	101.2	35.7	97.7	106.9	61.4	75.9	68.6	18.9
174	87	41.8	62	49.7	108.9	100.8	101.2	35.9	98.2	107.5	61.8	76	68.8	19
174	88	41.9	61.9	49.9	109.5	101.6	101.2	36.2	98.8	108.1	62.2	76.1	69.1	19
174	89	42.1	61.9	50.1	110.1	102.4	101.2	36.4	99.4	108.6	62.6	76.2	69.3	19.1
174	90	42.2	61.9	50.3	110.8	103.1	101.2	36.6	100	109.2	62.9	76.3	69.6	19.1
174	91	42.4	61.9	50.4	111.4	103.9	101.2	36.9	100.5	109.8	63.3	76.4	69.8	19.2
174	92	42.5	61.9	50.6	112	104.7	101.2	37.1	101.1	110.4	63.7	76.5	70.1	19.3
174	93	42.7	61.9	50.8	112.7	105.4	101.2	37.3	101.7	111	64.1	76.6	70.3	19.3
174	94	42.8	61.9	51	113.3	106.2	101.1	37.6	102.3	111.5	64.5	76.7	70.6	19.4
174	95	43	61.9	51.2	114	106.9	101.1	37.8	102.8	112.1	64.9	76.8	70.8	19.4
174	96	43.1	61.9	51.3	114.6	107.7	101.1	38	103.4	112.7	65.3	76.9	71.1	19.5
174	97	43.3	61.9	51.5	115.2	108.5	101.1	38.3	104	113.3	65.7	77	71.3	19.5
174	98	43.4	61.8	51.7	115.9	109.2	101.1	38.5	104.6	113.9	66	77.1	71.6	19.6
174	99	43.6	61.8	51.9	116.5	110	101.1	38.7	105.1	114.5	66.4	77.2	71.8	19.7
174	100	43.7	61.8	52	117.1	110.8	101.1	39	105.7	115	66.8	77.3	72.1	19.7
174	101	43.9	61.8	52.2	117.8	111.5	101.1	39.2	106.3	115.6	67.2	77.4	72.3	19.8
174	102	44	61.8	52.4	118.4	112.3	101.1	39.4	106.9	116.2	67.6	77.5	72.6	19.8
174	103	44.2	61.8	52.6	119	113.1	101.1	39.7	107.4	116.8	68	77.6	72.8	19.9
174	104	44.3	61.8	52.8	119.7	113.8	101	39.9	108	117.4	68.4	77.7	73	19.9
174	105	44.5	61.8	52.9	120.3	114.6	101	40.1	108.6	117.9	68.7	77.8	73.3	20
174	106	44.6	61.8	53.1	120.9	115.3	101	40.4	109.2	118.5	69.1	77.9	73.5	20
174	107	44.8	61.7	53.3	121.6	116.1	101	40.6	109.7	119.1	69.5	78	73.8	20.1
174	108	44.9	61.7	53.5	122.2	116.9	101	40.8	110.3	119.7	69.9	78.1	74	20.2
174	109	45.1	61.7	53.7	122.8	117.6	101	41	110.9	120.3	70.3	78.2	74.3	20.2
174	110	45.2	61.7	53.8	123.5	118.4	101	41.3	111.4	120.8	70.7	78.3	74.5	20.3
174	111	45.4	61.7	54	124.1	119.2	101	41.5	112	121.4	71.1	78.4	74.8	20.3
174	112	45.5	61.7	54.2	124.8	119.9	101	41.7	112.6	122	71.4	78.5	75	20.4
174	113	45.7	61.7	54.4	125.4	120.7	101	42	113.2	122.6	71.8	78.6	75.3	20.4
174	114	45.8	61.7	54.5	126	121.4	101	42.2	113.7	123.2	72.2	78.7	75.5	20.5
174	115	46	61.7	54.7	126.7	122.2	100.9	42.4	114.3	123.7	72.6	78.8	75.8	20.6
174	116	46.1	61.7	54.9	127.3	123	100.9	42.7	114.9	124.3	73	78.9	76	20.6
174	117	46.3	61.6	55.1	127.9	123.7	100.9	42.9	115.5	124.9	73.4	79	76.3	20.7
174	118	46.4	61.6	55.3	128.6	124.5	100.9	43.1	116	125.5	73.8	79.1	76.5	20.7
174	119	46.6	61.6	55.4	129.2	125.3	100.9	43.4	116.6	126.1	74.1	79.2	76.8	20.8
174	120	46.8	61.6	55.6	129.8	126	100.9	43.6	117.2	126.7	74.5	79.3	77	20.8
174	121	46.9	61.6	55.8	130.5	126.8	100.9	43.8	117.8	127.2	74.9	79.4	77.3	20.9
174	122	47.1	61.6	56	131.1	127.6	100.9	44.1	118.3	127.8	75.3	79.5	77.5	21
174	123	47.2	61.6	56.1	131.8	128.3	100.9	44.3	118.9	128.4	75.7	79.6	77.8	21
174	124	47.4	61.6	56.3	132.4	129.1	100.9	44.5	119.5	129	76.1	79.7	78	21.1
174	125	47.5	61.6	56.5	133	129.8	100.8	44.8	120.1	129.6	76.5	79.8	78.3	21.1
174	126	47.7	61.5	56.7	133.7	130.6	100.8	45	120.6	130.1	76.8	79.9	78.5	21.2
174	127	47.8	61.5	56.9	134.3	131.4	100.8	45.2	121.2	130.7	77.2	80	78.8	21.2
174	128	48	61.5	57	134.9	132.1	100.8	45.5	121.8	131.3	77.6	80.1	79	21.3
174	129	48.1	61.5	57.2	135.6	132.9	100.8	45.7	122.4	131.9	78	80.2	79.3	21.4
174	130	48.3	61.5	57.4	136.2	133.7	100.8	45.9	122.9	132.5	78.4	80.3	79.5	21.4
175	35	33.8	62.9	40.5	75.6	60.8	102.4	23.8	68.2	77.1	41.5	71.1	55.8	16
175	36	34	62.9	40.7	76.2	61.6	102.3	24	68.8	77.6	41.9	71.2	56.1	16.1
175	37	34.1	62.9	40.9	76.9	62.3	102.3	24.2	69.4	78.2	42.3	71.3	56.3	16.1
175	38	34.3	62.9	41.1	77.5	63.1	102.3	24.4	69.9	78.8	42.7	71.4	56.6	16.2
175	39	34.5	62.9	41.2	78.2	63.9	102.3	24.7	70.5	79.4	43.1	71.5	56.8	16.2
175	40	34.6	62.9	41.4	78.8	64.6	102.3	24.9	71.1	80	43.5	71.6	57.1	16.3
175	41	34.8	62.9	41.6	79.4	65.4	102.3	25.1	71.7	80.5	43.9	71.7	57.3	16.4
175	42	34.9	62.8	41.8	80.1	66.2	102.3	25.4	72.2	81.1	44.2	71.8	57.6	16.4
175	43	35.1	62.8	42	80.7	66.9	102.3	25.6	72.8	81.7	44.6	71.9	57.8	16.5
175	44	35.2	62.8	42.1	81.3	67.7	102.3	25.8	73.4	82.3	45	72	58.1	16.5
175	45	35.4	62.8	42.3	82	68.4	102.3	26.1	74	82.9	45.4	72.1	58.3	16.6
175	46	35.5	62.8	42.5	82.6	69.2	102.2	26.3	74.5	83.4	45.8	72.2	58.6	16.6
175	47	35.7	62.8	42.7	83.2	70	102.2	26.5	75.1	84	46.2	72.3	58.8	16.7
175	48	35.8	62.8	42.8	83.9	70.7	102.2	26.8	75.7	84.6	46.6	72.4	59.1	16.8
175	49	36	62.8	43	84.5	71.5	102.2	27	76.3	85.2	46.9	72.5	59.3	16.8
175	50	36.1	62.8	43.2	85.1	72.3	102.2	27.2	76.8	85.8	47.3	72.6	59.6	16.9
175	51	36.3	62.7	43.4	85.8	73	102.2	27.5	77.4	86.4	47.7	72.7	59.8	16.9
175	52	36.4	62.7	43.6	86.4	73.8	102.2	27.7	78	86.9	48.1	72.8	60.1	17
175	53	36.6	62.7	43.7	87.1	74.6	102.2	27.9	78.6	87.5	48.5	72.9	60.3	17
175	54	36.7	62.7	43.9	87.7	75.3	102.2	28.2	79.1	88.1	48.9	73	60.6	17.1
175	55	36.9	62.7	44.1	88.3	76.1	102.2	28.4	79.7	88.7	49.3	73.1	60.8	17.2
175	56	37	62.7	44.3	89	76.8	102.2	28.6	80.3	89.3	49.6	73.2	61	17.2
175	57	37.2	62.7	44.4	89.6	77.6	102.1	28.9	80.9	89.8	50	73.3	61.3	17.3
175	58	37.3	62.7	44.6	90.2	78.4	102.1	29.1	81.4	90.4	50.4	73.4	61.5	17.3
175	59	37.5	62.7	44.8	90.9	79.1	102.1	29.3	82	91	50.8	73.5	61.8	17.4
175	60	37.6	62.7	45	91.5	79.9	102.1	29.6	82.6	91.6	51.2	73.6	62	17.4
175	61	37.8	62.6	45.2	92.1	80.7	102.1	29.8	83.1	92.2	51.6	73.7	62.3	17.5
175	62	37.9	62.6	45.3	92.8	81.4	102.1	30	83.7	92.7	52	73.8	62.5	17.6
175	63	38.1	62.6	45.5	93.4	82.2	102.1	30.2	84.3	93.3	52.3	73.9	62.8	17.6
175	64	38.2	62.6	45.7	94	82.9	102.1	30.5	84.9	93.9	52.7	74	63	17.7
175	65	38.4	62.6	45.9	94.7	83.7	102.1	30.7	85.4	94.5	53.1	74.1	63.3	17.7
175	66	38.5	62.6	46.1	95.3	84.5	102.1	30.9	86	95.1	53.5	74.3	63.5	17.8
175	67	38.7	62.6	46.2	96	85.2	102	31.2	86.6	95.7	53.9	74.4	63.8	17.8
175	68	38.8	62.6	46.4	96.6	86	102	31.4	87.2	96.2	54.3	74.5	64	17.9
175	69	39	62.6	46.6	97.2	86.8	102	31.6	87.7	96.8	54.7	74.6	64.3	18
175	70	39.1	62.5	46.8	97.9	87.5	102	31.9	88.3	97.4	55.1	74.7	64.5	18
175	71	39.3	62.5	46.9	98.5	88.3	102	32.1	88.9	98	55.4	74.8	64.8	18.1
175	72	39.4	62.5	47.1	99.1	89.1	102	32.3	89.5	98.6	55.8	74.9	65	18.1
175	73	39.6	62.5	47.3	99.8	89.8	102	32.6	90	99.1	56.2	75	65.3	18.2
175	74	39.8	62.5	47.5	100.4	90.6	102	32.8	90.6	99.7	56.6	75.1	65.5	18.2
175	75	39.9	62.5	47.7	101	91.3	102	33	91.2	100.3	57	75.2	65.8	18.3
175	76	40.1	62.5	47.8	101.7	92.1	102	33.3	91.8	100.9	57.4	75.3	66	18.4
175	77	40.2	62.5	48	102.3	92.9	102	33.5	92.3	101.5	57.8	75.4	66.3	18.4
175	78	40.4	62.5	48.2	103	93.6	101.9	33.7	92.9	102	58.1	75.5	66.5	18.5
175	79	40.5	62.4	48.4	103.6	94.4	101.9	34	93.5	102.6	58.5	75.6	66.8	18.5
175	80	40.7	62.4	48.5	104.2	95.2	101.9	34.2	94.1	103.2	58.9	75.7	67	18.6
175	81	40.8	62.4	48.7	104.9	95.9	101.9	34.4	94.6	103.8	59.3	75.8	67.3	18.6
175	82	41	62.4	48.9	105.5	96.7	101.9	34.7	95.2	104.4	59.7	75.9	67.5	18.7
175	83	41.1	62.4	49.1	106.1	97.4	101.9	34.9	95.8	104.9	60.1	76	67.8	18.8
175	84	41.3	62.4	49.3	106.8	98.2	101.9	35.1	96.4	105.5	60.5	76.1	68	18.8
175	85	41.4	62.4	49.4	107.4	99	101.9	35.4	96.9	106.1	60.8	76.2	68.3	18.9
175	86	41.6	62.4	49.6	108	99.7	101.9	35.6	97.5	106.7	61.2	76.3	68.5	18.9
175	87	41.7	62.4	49.8	108.7	100.5	101.9	35.8	98.1	107.3	61.6	76.4	68.8	19
175	88	41.9	62.4	50	109.3	101.3	101.8	36.1	98.7	107.9	62	76.5	69	19
175	89	42	62.3	50.2	109.9	102	101.8	36.3	99.2	108.4	62.4	76.6	69.3	19.1
175	90	42.2	62.3	50.3	110.6	102.8	101.8	36.5	99.8	109	62.8	76.7	69.5	19.1
175	91	42.3	62.3	50.5	111.2	103.6	101.8	36.8	100.4	109.6	63.2	76.8	69.8	19.2
175	92	42.5	62.3	50.7	111.9	104.3	101.8	37	100.9	110.2	63.5	76.9	70	19.3
175	93	42.6	62.3	50.9	112.5	105.1	101.8	37.2	101.5	110.8	63.9	77	70.3	19.3
175	94	42.8	62.3	51	113.1	105.8	101.8	37.4	102.1	111.3	64.3	77.1	70.5	19.4
175	95	42.9	62.3	51.2	113.8	106.6	101.8	37.7	102.7	111.9	64.7	77.2	70.8	19.4
175	96	43.1	62.3	51.4	114.4	107.4	101.8	37.9	103.2	112.5	65.1	77.3	71	19.5
175	97	43.2	62.3	51.6	115	108.1	101.8	38.1	103.8	113.1	65.5	77.4	71.3	19.5
175	98	43.4	62.2	51.8	115.7	108.9	101.8	38.4	104.4	113.7	65.9	77.5	71.5	19.6
175	99	43.5	62.2	51.9	116.3	109.7	101.7	38.6	105	114.2	66.2	77.6	71.8	19.7
175	100	43.7	62.2	52.1	116.9	110.4	101.7	38.8	105.5	114.8	66.6	77.7	72	19.7
175	101	43.8	62.2	52.3	117.6	111.2	101.7	39.1	106.1	115.4	67	77.8	72.3	19.8
175	102	44	62.2	52.5	118.2	111.9	101.7	39.3	106.7	116	67.4	77.9	72.5	19.8
175	103	44.1	62.2	52.6	118.8	112.7	101.7	39.5	107.3	116.6	67.8	78	72.8	19.9
175	104	44.3	62.2	52.8	119.5	113.5	101.7	39.8	107.8	117.1	68.2	78.1	73	19.9
175	105	44.4	62.2	53	120.1	114.2	101.7	40	108.4	117.7	68.6	78.2	73.3	20
175	106	44.6	62.2	53.2	120.8	115	101.7	40.2	109	118.3	68.9	78.3	73.5	20.1
175	107	44.7	62.2	53.4	121.4	115.8	101.7	40.5	109.6	118.9	69.3	78.4	73.8	20.1
175	108	44.9	62.1	53.5	122	116.5	101.7	40.7	110.1	119.5	69.7	78.5	74	20.2
175	109	45	62.1	53.7	122.7	117.3	101.6	40.9	110.7	120	70.1	78.6	74.3	20.2
175	110	45.2	62.1	53.9	123.3	118	101.6	41.2	111.3	120.6	70.5	78.7	74.5	20.3
175	111	45.4	62.1	54.1	123.9	118.8	101.6	41.4	111.8	121.2	70.9	78.8	74.8	20.3
175	112	45.5	62.1	54.2	124.6	119.6	101.6	41.6	112.4	121.8	71.3	78.9	75	20.4
175	113	45.7	62.1	54.4	125.2	120.3	101.6	41.9	113	122.4	71.7	79	75.3	20.5
175	114	45.8	62.1	54.6	125.8	121.1	101.6	42.1	113.6	123	72	79.1	75.5	20.5
175	115	46	62.1	54.8	126.5	121.9	101.6	42.3	114.2	123.5	72.4	79.2	75.8	20.6
175	116	46.1	62.1	55	127.1	122.6	101.6	42.6	114.7	124.1	72.8	79.3	76	20.6
175	117	46.3	62	55.1	127.8	123.4	101.6	42.8	115.3	124.7	73.2	79.4	76.3	20.7
175	118	46.4	62	55.3	128.4	124.2	101.6	43	115.9	125.3	73.6	79.5	76.5	20.7
175	119	46.6	62	55.5	129	124.9	101.6	43.3	116.4	125.9	74	79.6	76.8	20.8
175	120	46.7	62	55.7	129.7	125.7	101.5	43.5	117	126.4	74.4	79.7	77	20.9
175	121	46.9	62	55.9	130.3	126.4	101.5	43.7	117.6	127	74.7	79.8	77.3	20.9
175	122	47	62	56	130.9	127.2	101.5	44	118.2	127.6	75.1	79.9	77.5	21
175	123	47.2	62	56.2	131.6	128	101.5	44.2	118.7	128.2	75.5	80	77.8	21
175	124	47.3	62	56.4	132.2	128.7	101.5	44.4	119.3	128.8	75.9	80.1	78	21.1
175	125	47.5	62	56.6	132.8	129.5	101.5	44.6	119.9	129.3	76.3	80.2	78.3	21.1
175	126	47.6	61.9	56.7	133.5	130.3	101.5	44.9	120.5	129.9	76.7	80.3	78.5	21.2
175	127	47.8	61.9	56.9	134.1	131	101.5	45.1	121	130.5	77.1	80.4	78.7	21.3
175	128	47.9	61.9	57.1	134.7	131.8	101.5	45.3	121.6	131.1	77.4	80.5	79	21.3
175	129	48.1	61.9	57.3	135.4	132.6	101.5	45.6	122.2	131.7	77.8	80.6	79.2	21.4
175	130	48.2	61.9	57.5	136	133.3	101.4	45.8	122.8	132.3	78.2	80.7	79.5	21.4
176	35	33.8	63.3	40.6	75.4	60.5	103	23.6	68.1	76.8	41.4	71.5	55.8	16
176	36	34	63.3	40.8	76.1	61.2	103	23.9	68.6	77.4	41.7	71.6	56	16.1
176	37	34.1	63.3	40.9	76.7	62	103	24.1	69.2	78	42.1	71.7	56.3	16.1
176	38	34.3	63.3	41.1	77.3	62.8	103	24.3	69.8	78.6	42.5	71.8	56.5	16.2
176	39	34.4	63.3	41.3	78	63.5	103	24.6	70.3	79.2	42.9	71.9	56.8	16.3
176	40	34.6	63.3	41.5	78.6	64.3	102.9	24.8	70.9	79.8	43.3	72	57	16.3
176	41	34.7	63.3	41.7	79.2	65.1	102.9	25	71.5	80.3	43.7	72.1	57.3	16.4
176	42	34.9	63.2	41.8	79.9	65.8	102.9	25.3	72.1	80.9	44.1	72.2	57.5	16.4
176	43	35	63.2	42	80.5	66.6	102.9	25.5	72.6	81.5	44.4	72.3	57.8	16.5
176	44	35.2	63.2	42.2	81.1	67.3	102.9	25.7	73.2	82.1	44.8	72.4	58	16.5
176	45	35.3	63.2	42.4	81.8	68.1	102.9	26	73.8	82.7	45.2	72.5	58.3	16.6
176	46	35.5	63.2	42.5	82.4	68.9	102.9	26.2	74.4	83.2	45.6	72.6	58.5	16.7
176	47	35.6	63.2	42.7	83.1	69.6	102.9	26.4	74.9	83.8	46	72.7	58.8	16.7
176	48	35.8	63.2	42.9	83.7	70.4	102.9	26.7	75.5	84.4	46.4	72.8	59	16.8
176	49	35.9	63.2	43.1	84.3	71.2	102.9	26.9	76.1	85	46.8	72.9	59.3	16.8
176	50	36.1	63.2	43.3	85	71.9	102.9	27.1	76.7	85.6	47.2	73	59.5	16.9
176	51	36.2	63.1	43.4	85.6	72.7	102.8	27.3	77.2	86.1	47.5	73.1	59.8	16.9
176	52	36.4	63.1	43.6	86.2	73.5	102.8	27.6	77.8	86.7	47.9	73.2	60	17
176	53	36.5	63.1	43.8	86.9	74.2	102.8	27.8	78.4	87.3	48.3	73.3	60.3	17.1
176	54	36.7	63.1	44	87.5	75	102.8	28	79	87.9	48.7	73.4	60.5	17.1
176	55	36.8	63.1	44.2	88.1	75.7	102.8	28.3	79.5	88.5	49.1	73.5	60.8	17.2
176	56	37	63.1	44.3	88.8	76.5	102.8	28.5	80.1	89	49.5	73.6	61	17.2
176	57	37.1	63.1	44.5	89.4	77.3	102.8	28.7	80.7	89.6	49.9	73.7	61.3	17.3
176	58	37.3	63.1	44.7	90	78	102.8	29	81.3	90.2	50.2	73.8	61.5	17.3
176	59	37.4	63.1	44.9	90.7	78.8	102.8	29.2	81.8	90.8	50.6	73.9	61.8	17.4
176	60	37.6	63.1	45	91.3	79.6	102.8	29.4	82.4	91.4	51	74	62	17.5
176	61	37.7	63	45.2	92	80.3	102.7	29.7	83	92	51.4	74.1	62.3	17.5
176	62	37.9	63	45.4	92.6	81.1	102.7	29.9	83.6	92.5	51.8	74.2	62.5	17.6
176	63	38.1	63	45.6	93.2	81.8	102.7	30.1	84.1	93.1	52.2	74.3	62.8	17.6
176	64	38.2	63	45.8	93.9	82.6	102.7	30.4	84.7	93.7	52.6	74.4	63	17.7
176	65	38.4	63	45.9	94.5	83.4	102.7	30.6	85.3	94.3	52.9	74.5	63.3	17.7
176	66	38.5	63	46.1	95.1	84.1	102.7	30.8	85.9	94.9	53.3	74.6	63.5	17.8
176	67	38.7	63	46.3	95.8	84.9	102.7	31.1	86.4	95.4	53.7	74.7	63.8	17.9
176	68	38.8	63	46.5	96.4	85.7	102.7	31.3	87	96	54.1	74.8	64	17.9
176	69	39	63	46.6	97	86.4	102.7	31.5	87.6	96.6	54.5	74.9	64.3	18
176	70	39.1	62.9	46.8	97.7	87.2	102.7	31.8	88.1	97.2	54.9	75	64.5	18
176	71	39.3	62.9	47	98.3	88	102.7	32	88.7	97.8	55.3	75.1	64.8	18.1
176	72	39.4	62.9	47.2	98.9	88.7	102.6	32.2	89.3	98.3	55.6	75.2	65	18.1
176	73	39.6	62.9	47.4	99.6	89.5	102.6	32.5	89.9	98.9	56	75.3	65.3	18.2
176	74	39.7	62.9	47.5	100.2	90.2	102.6	32.7	90.4	99.5	56.4	75.4	65.5	18.2
176	75	39.9	62.9	47.7	100.9	91	102.6	32.9	91	100.1	56.8	75.5	65.8	18.3
176	76	40	62.9	47.9	101.5	91.8	102.6	33.2	91.6	100.7	57.2	75.6	66	18.4
176	77	40.2	62.9	48.1	102.1	92.5	102.6	33.4	92.2	101.2	57.6	75.7	66.3	18.4
176	78	40.3	62.9	48.2	102.8	93.3	102.6	33.6	92.7	101.8	58	75.8	66.5	18.5
176	79	40.5	62.9	48.4	103.4	94.1	102.6	33.8	93.3	102.4	58.3	75.9	66.7	18.5
176	80	40.6	62.8	48.6	104	94.8	102.6	34.1	93.9	103	58.7	76	67	18.6
176	81	40.8	62.8	48.8	104.7	95.6	102.6	34.3	94.5	103.6	59.1	76.1	67.2	18.6
176	82	40.9	62.8	49	105.3	96.3	102.5	34.5	95	104.2	59.5	76.3	67.5	18.7
176	83	41.1	62.8	49.1	105.9	97.1	102.5	34.8	95.6	104.7	59.9	76.4	67.7	18.8
176	84	41.2	62.8	49.3	106.6	97.9	102.5	35	96.2	105.3	60.3	76.5	68	18.8
176	85	41.4	62.8	49.5	107.2	98.6	102.5	35.2	96.8	105.9	60.7	76.6	68.2	18.9
176	86	41.5	62.8	49.7	107.8	99.4	102.5	35.5	97.3	106.5	61.1	76.7	68.5	18.9
176	87	41.7	62.8	49.9	108.5	100.2	102.5	35.7	97.9	107.1	61.4	76.8	68.7	19
176	88	41.8	62.8	50	109.1	100.9	102.5	35.9	98.5	107.6	61.8	76.9	69	19
176	89	42	62.7	50.2	109.8	101.7	102.5	36.2	99.1	108.2	62.2	77	69.2	19.1
176	90	42.1	62.7	50.4	110.4	102.5	102.5	36.4	99.6	108.8	62.6	77.1	69.5	19.2
176	91	42.3	62.7	50.6	111	103.2	102.5	36.6	100.2	109.4	63	77.2	69.7	19.2
176	92	42.4	62.7	50.7	111.7	104	102.5	36.9	100.8	110	63.4	77.3	70	19.3
176	93	42.6	62.7	50.9	112.3	104.7	102.4	37.1	101.4	110.5	63.8	77.4	70.2	19.3
176	94	42.7	62.7	51.1	112.9	105.5	102.4	37.3	101.9	111.1	64.1	77.5	70.5	19.4
176	95	42.9	62.7	51.3	113.6	106.3	102.4	37.6	102.5	111.7	64.5	77.6	70.7	19.4
176	96	43	62.7	51.5	114.2	107	102.4	37.8	103.1	112.3	64.9	77.7	71	19.5
176	97	43.2	62.7	51.6	114.8	107.8	102.4	38	103.6	112.9	65.3	77.8	71.2	19.6
176	98	43.4	62.7	51.8	115.5	108.6	102.4	38.3	104.2	113.5	65.7	77.9	71.5	19.6
176	99	43.5	62.6	52	116.1	109.3	102.4	38.5	104.8	114	66.1	78	71.7	19.7
176	100	43.7	62.6	52.2	116.8	110.1	102.4	38.7	105.4	114.6	66.5	78.1	72	19.7
176	101	43.8	62.6	52.3	117.4	110.8	102.4	39	105.9	115.2	66.8	78.2	72.2	19.8
176	102	44	62.6	52.5	118	111.6	102.4	39.2	106.5	115.8	67.2	78.3	72.5	19.8
176	103	44.1	62.6	52.7	118.7	112.4	102.3	39.4	107.1	116.4	67.6	78.4	72.7	19.9
176	104	44.3	62.6	52.9	119.3	113.1	102.3	39.7	107.7	116.9	68	78.5	73	20
176	105	44.4	62.6	53.1	119.9	113.9	102.3	39.9	108.2	117.5	68.4	78.6	73.2	20
176	106	44.6	62.6	53.2	120.6	114.7	102.3	40.1	108.8	118.1	68.8	78.7	73.5	20.1
176	107	44.7	62.6	53.4	121.2	115.4	102.3	40.3	109.4	118.7	69.2	78.8	73.7	20.1
176	108	44.9	62.5	53.6	121.8	116.2	102.3	40.6	110	119.3	69.5	78.9	74	20.2
176	109	45	62.5	53.8	122.5	116.9	102.3	40.8	110.5	119.8	69.9	79	74.2	20.2
176	110	45.2	62.5	53.9	123.1	117.7	102.3	41	111.1	120.4	70.3	79.1	74.5	20.3
176	111	45.3	62.5	54.1	123.7	118.5	102.3	41.3	111.7	121	70.7	79.2	74.7	20.4
176	112	45.5	62.5	54.3	124.4	119.2	102.3	41.5	112.3	121.6	71.1	79.3	75	20.4
176	113	45.6	62.5	54.5	125	120	102.3	41.7	112.8	122.2	71.5	79.4	75.2	20.5
176	114	45.8	62.5	54.7	125.7	120.8	102.2	42	113.4	122.8	71.9	79.5	75.5	20.5
176	115	45.9	62.5	54.8	126.3	121.5	102.2	42.2	114	123.3	72.3	79.6	75.7	20.6
176	116	46.1	62.5	55	126.9	122.3	102.2	42.4	114.6	123.9	72.6	79.7	76	20.6
176	117	46.2	62.4	55.2	127.6	123.1	102.2	42.7	115.1	124.5	73	79.8	76.2	20.7
176	118	46.4	62.4	55.4	128.2	123.8	102.2	42.9	115.7	125.1	73.4	79.9	76.5	20.8
176	119	46.5	62.4	55.6	128.8	124.6	102.2	43.1	116.3	125.7	73.8	80	76.7	20.8
176	120	46.7	62.4	55.7	129.5	125.3	102.2	43.4	116.9	126.2	74.2	80.1	77	20.9
176	121	46.8	62.4	55.9	130.1	126.1	102.2	43.6	117.4	126.8	74.6	80.2	77.2	20.9
176	122	47	62.4	56.1	130.7	126.9	102.2	43.8	118	127.4	75	80.3	77.5	21
176	123	47.1	62.4	56.3	131.4	127.6	102.2	44.1	118.6	128	75.3	80.4	77.7	21
176	124	47.3	62.4	56.4	132	128.4	102.1	44.3	119.1	128.6	75.7	80.5	78	21.1
176	125	47.4	62.4	56.6	132.6	129.2	102.1	44.5	119.7	129.1	76.1	80.6	78.2	21.1
176	126	47.6	62.4	56.8	133.3	129.9	102.1	44.8	120.3	129.7	76.5	80.7	78.5	21.2
176	127	47.7	62.3	57	133.9	130.7	102.1	45	120.9	130.3	76.9	80.8	78.7	21.3
176	128	47.9	62.3	57.2	134.6	131.4	102.1	45.2	121.4	130.9	77.3	80.9	79	21.3
176	129	48	62.3	57.3	135.2	132.2	102.1	45.5	122	131.5	77.7	81	79.2	21.4
176	130	48.2	62.3	57.5	135.8	133	102.1	45.7	122.6	132	78	81.1	79.5	21.4
177	35	33.8	63.7	40.7	75.2	60.1	103.6	23.5	67.9	76.6	41.2	71.9	55.7	16
177	36	33.9	63.7	40.8	75.9	60.9	103.6	23.7	68.5	77.2	41.6	72	56	16.1
177	37	34.1	63.7	41	76.5	61.7	103.6	24	69	77.8	42	72.1	56.2	16.2
177	38	34.2	63.7	41.2	77.1	62.4	103.6	24.2	69.6	78.4	42.3	72.2	56.5	16.2
177	39	34.4	63.7	41.4	77.8	63.2	103.6	24.4	70.2	79	42.7	72.3	56.7	16.3
177	40	34.5	63.7	41.5	78.4	64	103.6	24.7	70.8	79.5	43.1	72.4	57	16.3
177	41	34.7	63.7	41.7	79	64.7	103.6	24.9	71.3	80.1	43.5	72.5	57.2	16.4
177	42	34.8	63.6	41.9	79.7	65.5	103.6	25.1	71.9	80.7	43.9	72.6	57.5	16.4
177	43	35	63.6	42.1	80.3	66.2	103.6	25.4	72.5	81.3	44.3	72.7	57.7	16.5
177	44	35.1	63.6	42.3	81	67	103.6	25.6	73	81.9	44.7	72.8	58	16.5
177	45	35.3	63.6	42.4	81.6	67.8	103.5	25.8	73.6	82.4	45	72.9	58.2	16.6
177	46	35.4	63.6	42.6	82.2	68.5	103.5	26.1	74.2	83	45.4	73	58.5	16.7
177	47	35.6	63.6	42.8	82.9	69.3	103.5	26.3	74.8	83.6	45.8	73.1	58.7	16.7
177	48	35.7	63.6	43	83.5	70.1	103.5	26.5	75.3	84.2	46.2	73.2	59	16.8
177	49	35.9	63.6	43.1	84.1	70.8	103.5	26.8	75.9	84.8	46.6	73.3	59.2	16.8
177	50	36	63.6	43.3	84.8	71.6	103.5	27	76.5	85.4	47	73.4	59.5	16.9
177	51	36.2	63.6	43.5	85.4	72.4	103.5	27.2	77.1	85.9	47.4	73.5	59.7	16.9
177	52	36.4	63.5	43.7	86	73.1	103.5	27.5	77.6	86.5	47.8	73.6	60	17
177	53	36.5	63.5	43.9	86.7	73.9	103.5	27.7	78.2	87.1	48.1	73.7	60.2	17.1
177	54	36.7	63.5	44	87.3	74.6	103.5	27.9	78.8	87.7	48.5	73.8	60.5	17.1
177	55	36.8	63.5	44.2	87.9	75.4	103.5	28.2	79.4	88.3	48.9	73.9	60.7	17.2
177	56	37	63.5	44.4	88.6	76.2	103.4	28.4	79.9	88.8	49.3	74	61	17.2
177	57	37.1	63.5	44.6	89.2	76.9	103.4	28.6	80.5	89.4	49.7	74.1	61.2	17.3
177	58	37.3	63.5	44.7	89.9	77.7	103.4	28.9	81.1	90	50.1	74.2	61.5	17.3
177	59	37.4	63.5	44.9	90.5	78.5	103.4	29.1	81.7	90.6	50.5	74.3	61.7	17.4
177	60	37.6	63.5	45.1	91.1	79.2	103.4	29.3	82.2	91.2	50.8	74.4	62	17.5
177	61	37.7	63.4	45.3	91.8	80	103.4	29.5	82.8	91.7	51.2	74.5	62.2	17.5
177	62	37.9	63.4	45.5	92.4	80.7	103.4	29.8	83.4	92.3	51.6	74.6	62.5	17.6
177	63	38	63.4	45.6	93	81.5	103.4	30	84	92.9	52	74.7	62.7	17.6
177	64	38.2	63.4	45.8	93.7	82.3	103.4	30.2	84.5	93.5	52.4	74.8	63	17.7
177	65	38.3	63.4	46	94.3	83	103.4	30.5	85.1	94.1	52.8	74.9	63.2	17.7
177	66	38.5	63.4	46.2	94.9	83.8	103.3	30.7	85.7	94.6	53.2	75	63.5	17.8
177	67	38.6	63.4	46.4	95.6	84.6	103.3	30.9	86.3	95.2	53.5	75.1	63.7	17.9
177	68	38.8	63.4	46.5	96.2	85.3	103.3	31.2	86.8	95.8	53.9	75.2	64	17.9
177	69	38.9	63.4	46.7	96.9	86.1	103.3	31.4	87.4	96.4	54.3	75.3	64.2	18
177	70	39.1	63.4	46.9	97.5	86.9	103.3	31.6	88	97	54.7	75.4	64.5	18
177	71	39.2	63.3	47.1	98.1	87.6	103.3	31.9	88.6	97.6	55.1	75.5	64.7	18.1
177	72	39.4	63.3	47.2	98.8	88.4	103.3	32.1	89.1	98.1	55.5	75.6	65	18.1
177	73	39.5	63.3	47.4	99.4	89.1	103.3	32.3	89.7	98.7	55.9	75.7	65.2	18.2
177	74	39.7	63.3	47.6	100	89.9	103.3	32.6	90.3	99.3	56.2	75.8	65.5	18.3
177	75	39.8	63.3	47.8	100.7	90.7	103.3	32.8	90.8	99.9	56.6	75.9	65.7	18.3
177	76	40	63.3	48	101.3	91.4	103.3	33	91.4	100.5	57	76	66	18.4
177	77	40.1	63.3	48.1	101.9	92.2	103.2	33.3	92	101	57.4	76.1	66.2	18.4
177	78	40.3	63.3	48.3	102.6	93	103.2	33.5	92.6	101.6	57.8	76.2	66.5	18.5
177	79	40.4	63.3	48.5	103.2	93.7	103.2	33.7	93.1	102.2	58.2	76.3	66.7	18.5
177	80	40.6	63.2	48.7	103.8	94.5	103.2	34	93.7	102.8	58.6	76.4	67	18.6
177	81	40.7	63.2	48.8	104.5	95.2	103.2	34.2	94.3	103.4	58.9	76.5	67.2	18.7
177	82	40.9	63.2	49	105.1	96	103.2	34.4	94.9	103.9	59.3	76.6	67.5	18.7
177	83	41	63.2	49.2	105.8	96.8	103.2	34.7	95.4	104.5	59.7	76.7	67.7	18.8
177	84	41.2	63.2	49.4	106.4	97.5	103.2	34.9	96	105.1	60.1	76.8	68	18.8
177	85	41.3	63.2	49.6	107	98.3	103.2	35.1	96.6	105.7	60.5	76.9	68.2	18.9
177	86	41.5	63.2	49.7	107.7	99.1	103.2	35.4	97.2	106.3	60.9	77	68.5	18.9
177	87	41.6	63.2	49.9	108.3	99.8	103.1	35.6	97.7	106.8	61.3	77.1	68.7	19
177	88	41.8	63.2	50.1	108.9	100.6	103.1	35.8	98.3	107.4	61.6	77.2	69	19.1
177	89	42	63.2	50.3	109.6	101.4	103.1	36.1	98.9	108	62	77.3	69.2	19.1
177	90	42.1	63.1	50.4	110.2	102.1	103.1	36.3	99.5	108.6	62.4	77.4	69.5	19.2
177	91	42.3	63.1	50.6	110.8	102.9	103.1	36.5	100	109.2	62.8	77.5	69.7	19.2
177	92	42.4	63.1	50.8	111.5	103.6	103.1	36.7	100.6	109.8	63.2	77.7	70	19.3
177	93	42.6	63.1	51	112.1	104.4	103.1	37	101.2	110.3	63.6	77.8	70.2	19.3
177	94	42.7	63.1	51.2	112.7	105.2	103.1	37.2	101.8	110.9	64	77.9	70.5	19.4
177	95	42.9	63.1	51.3	113.4	105.9	103.1	37.4	102.3	111.5	64.4	78	70.7	19.5
177	96	43	63.1	51.5	114	106.7	103.1	37.7	102.9	112.1	64.7	78.1	71	19.5
177	97	43.2	63.1	51.7	114.7	107.5	103.1	37.9	103.5	112.7	65.1	78.2	71.2	19.6
177	98	43.3	63.1	51.9	115.3	108.2	103	38.1	104.1	113.2	65.5	78.3	71.5	19.6
177	99	43.5	63	52.1	115.9	109	103	38.4	104.6	113.8	65.9	78.4	71.7	19.7
177	100	43.6	63	52.2	116.6	109.7	103	38.6	105.2	114.4	66.3	78.5	72	19.7
177	101	43.8	63	52.4	117.2	110.5	103	38.8	105.8	115	66.7	78.6	72.2	19.8
177	102	43.9	63	52.6	117.8	111.3	103	39.1	106.3	115.6	67.1	78.7	72.4	19.9
177	103	44.1	63	52.8	118.5	112	103	39.3	106.9	116.1	67.4	78.8	72.7	19.9
177	104	44.2	63	52.9	119.1	112.8	103	39.5	107.5	116.7	67.8	78.9	72.9	20
177	105	44.4	63	53.1	119.7	113.6	103	39.8	108.1	117.3	68.2	79	73.2	20
177	106	44.5	63	53.3	120.4	114.3	103	40	108.6	117.9	68.6	79.1	73.4	20.1
177	107	44.7	63	53.5	121	115.1	103	40.2	109.2	118.5	69	79.2	73.7	20.1
177	108	44.8	62.9	53.7	121.6	115.8	102.9	40.5	109.8	119	69.4	79.3	73.9	20.2
177	109	45	62.9	53.8	122.3	116.6	102.9	40.7	110.4	119.6	69.8	79.4	74.2	20.2
177	110	45.1	62.9	54	122.9	117.4	102.9	40.9	110.9	120.2	70.1	79.5	74.4	20.3
177	111	45.3	62.9	54.2	123.6	118.1	102.9	41.2	111.5	120.8	70.5	79.6	74.7	20.4
177	112	45.4	62.9	54.4	124.2	118.9	102.9	41.4	112.1	121.4	70.9	79.7	74.9	20.4
177	113	45.6	62.9	54.5	124.8	119.7	102.9	41.6	112.7	122	71.3	79.8	75.2	20.5
177	114	45.7	62.9	54.7	125.5	120.4	102.9	41.9	113.2	122.5	71.7	79.9	75.4	20.5
177	115	45.9	62.9	54.9	126.1	121.2	102.9	42.1	113.8	123.1	72.1	80	75.7	20.6
177	116	46	62.9	55.1	126.7	122	102.9	42.3	114.4	123.7	72.5	80.1	75.9	20.6
177	117	46.2	62.9	55.3	127.4	122.7	102.9	42.6	115	124.3	72.8	80.2	76.2	20.7
177	118	46.3	62.8	55.4	128	123.5	102.9	42.8	115.5	124.9	73.2	80.3	76.4	20.8
177	119	46.5	62.8	55.6	128.6	124.2	102.8	43	116.1	125.4	73.6	80.4	76.7	20.8
177	120	46.6	62.8	55.8	129.3	125	102.8	43.2	116.7	126	74	80.5	76.9	20.9
177	121	46.8	62.8	56	129.9	125.8	102.8	43.5	117.3	126.6	74.4	80.6	77.2	20.9
177	122	47	62.8	56.1	130.6	126.5	102.8	43.7	117.8	127.2	74.8	80.7	77.4	21
177	123	47.1	62.8	56.3	131.2	127.3	102.8	43.9	118.4	127.8	75.2	80.8	77.7	21
177	124	47.3	62.8	56.5	131.8	128.1	102.8	44.2	119	128.3	75.6	80.9	77.9	21.1
177	125	47.4	62.8	56.7	132.5	128.8	102.8	44.4	119.6	128.9	75.9	81	78.2	21.2
177	126	47.6	62.8	56.9	133.1	129.6	102.8	44.6	120.1	129.5	76.3	81.1	78.4	21.2
177	127	47.7	62.7	57	133.7	130.3	102.8	44.9	120.7	130.1	76.7	81.2	78.7	21.3
177	128	47.9	62.7	57.2	134.4	131.1	102.8	45.1	121.3	130.7	77.1	81.3	78.9	21.3
177	129	48	62.7	57.4	135	131.9	102.7	45.3	121.8	131.3	77.5	81.4	79.2	21.4
177	130	48.2	62.7	57.6	135.6	132.6	102.7	45.6	122.4	131.8	77.9	81.5	79.4	21.4
178	35	33.7	64.1	40.7	75	59.8	104.3	23.4	67.7	76.4	41	72.3	55.7	16
178	36	33.9	64.1	40.9	75.7	60.6	104.3	23.6	68.3	77	41.4	72.4	56	16.1
178	37	34	64.1	41.1	76.3	61.3	104.3	23.9	68.9	77.6	41.8	72.5	56.2	16.2
178	38	34.2	64.1	41.2	77	62.1	104.3	24.1	69.4	78.2	42.2	72.6	56.5	16.2
178	39	34.3	64.1	41.4	77.6	62.8	104.3	24.3	70	78.8	42.6	72.7	56.7	16.3
178	40	34.5	64.1	41.6	78.2	63.6	104.2	24.6	70.6	79.3	42.9	72.8	57	16.3
178	41	34.7	64.1	41.8	78.9	64.4	104.2	24.8	71.2	79.9	43.3	72.9	57.2	16.4
178	42	34.8	64.1	42	79.5	65.1	104.2	25	71.7	80.5	43.7	73	57.5	16.4
178	43	35	64	42.1	80.1	65.9	104.2	25.3	72.3	81.1	44.1	73.1	57.7	16.5
178	44	35.1	64	42.3	80.8	66.7	104.2	25.5	72.9	81.7	44.5	73.2	58	16.6
178	45	35.3	64	42.5	81.4	67.4	104.2	25.7	73.4	82.2	44.9	73.3	58.2	16.6
178	46	35.4	64	42.7	82	68.2	104.2	25.9	74	82.8	45.3	73.4	58.5	16.7
178	47	35.6	64	42.8	82.7	69	104.2	26.2	74.6	83.4	45.6	73.5	58.7	16.7
178	48	35.7	64	43	83.3	69.7	104.2	26.4	75.2	84	46	73.6	59	16.8
178	49	35.9	64	43.2	83.9	70.5	104.2	26.6	75.8	84.6	46.4	73.7	59.2	16.8
178	50	36	64	43.4	84.6	71.2	104.1	26.9	76.3	85.1	46.8	73.8	59.5	16.9
178	51	36.2	64	43.6	85.2	72	104.1	27.1	76.9	85.7	47.2	73.9	59.7	17
178	52	36.3	63.9	43.7	85.9	72.8	104.1	27.3	77.5	86.3	47.6	74	60	17
178	53	36.5	63.9	43.9	86.5	73.5	104.1	27.6	78	86.9	48	74.1	60.2	17.1
178	54	36.6	63.9	44.1	87.1	74.3	104.1	27.8	78.6	87.5	48.3	74.2	60.4	17.1
178	55	36.8	63.9	44.3	87.8	75.1	104.1	28	79.2	88	48.7	74.3	60.7	17.2
178	56	36.9	63.9	44.5	88.4	75.8	104.1	28.3	79.8	88.6	49.1	74.4	60.9	17.2
178	57	37.1	63.9	44.6	89	76.6	104.1	28.5	80.3	89.2	49.5	74.5	61.2	17.3
178	58	37.2	63.9	44.8	89.7	77.3	104.1	28.7	80.9	89.8	49.9	74.6	61.4	17.4
178	59	37.4	63.9	45	90.3	78.1	104.1	29	81.5	90.4	50.3	74.7	61.7	17.4
178	60	37.5	63.9	45.2	90.9	78.9	104	29.2	82.1	91	50.7	74.8	61.9	17.5
178	61	37.7	63.9	45.3	91.6	79.6	104	29.4	82.6	91.5	51	74.9	62.2	17.5
178	62	37.8	63.8	45.5	92.2	80.4	104	29.7	83.2	92.1	51.4	75	62.4	17.6
178	63	38	63.8	45.7	92.8	81.2	104	29.9	83.8	92.7	51.8	75.1	62.7	17.6
178	64	38.1	63.8	45.9	93.5	81.9	104	30.1	84.4	93.3	52.2	75.2	62.9	17.7
178	65	38.3	63.8	46.1	94.1	82.7	104	30.4	84.9	93.9	52.6	75.3	63.2	17.8
178	66	38.4	63.8	46.2	94.8	83.5	104	30.6	85.5	94.4	53	75.4	63.4	17.8
178	67	38.6	63.8	46.4	95.4	84.2	104	30.8	86.1	95	53.4	75.5	63.7	17.9
178	68	38.7	63.8	46.6	96	85	104	31.1	86.7	95.6	53.8	75.6	63.9	17.9
178	69	38.9	63.8	46.8	96.7	85.7	104	31.3	87.2	96.2	54.1	75.7	64.2	18
178	70	39	63.8	46.9	97.3	86.5	104	31.5	87.8	96.8	54.5	75.8	64.4	18
178	71	39.2	63.7	47.1	97.9	87.3	103.9	31.8	88.4	97.3	54.9	75.9	64.7	18.1
178	72	39.3	63.7	47.3	98.6	88	103.9	32	89	97.9	55.3	76	64.9	18.2
178	73	39.5	63.7	47.5	99.2	88.8	103.9	32.2	89.5	98.5	55.7	76.1	65.2	18.2
178	74	39.6	63.7	47.7	99.8	89.6	103.9	32.4	90.1	99.1	56.1	76.2	65.4	18.3
178	75	39.8	63.7	47.8	100.5	90.3	103.9	32.7	90.7	99.7	56.5	76.3	65.7	18.3
178	76	40	63.7	48	101.1	91.1	103.9	32.9	91.2	100.2	56.8	76.4	65.9	18.4
178	77	40.1	63.7	48.2	101.8	91.8	103.9	33.1	91.8	100.8	57.2	76.5	66.2	18.4
178	78	40.3	63.7	48.4	102.4	92.6	103.9	33.4	92.4	101.4	57.6	76.6	66.4	18.5
178	79	40.4	63.7	48.5	103	93.4	103.9	33.6	93	102	58	76.7	66.7	18.6
178	80	40.6	63.6	48.7	103.7	94.1	103.9	33.8	93.5	102.6	58.4	76.8	66.9	18.6
178	81	40.7	63.6	48.9	104.3	94.9	103.8	34.1	94.1	103.2	58.8	76.9	67.2	18.7
178	82	40.9	63.6	49.1	104.9	95.7	103.8	34.3	94.7	103.7	59.2	77	67.4	18.7
178	83	41	63.6	49.3	105.6	96.4	103.8	34.5	95.3	104.3	59.5	77.1	67.7	18.8
178	84	41.2	63.6	49.4	106.2	97.2	103.8	34.8	95.8	104.9	59.9	77.2	67.9	18.8
178	85	41.3	63.6	49.6	106.8	98	103.8	35	96.4	105.5	60.3	77.3	68.2	18.9
178	86	41.5	63.6	49.8	107.5	98.7	103.8	35.2	97	106.1	60.7	77.4	68.4	18.9
178	87	41.6	63.6	50	108.1	99.5	103.8	35.5	97.6	106.6	61.1	77.5	68.7	19
178	88	41.8	63.6	50.1	108.7	100.2	103.8	35.7	98.1	107.2	61.5	77.6	68.9	19.1
178	89	41.9	63.6	50.3	109.4	101	103.8	35.9	98.7	107.8	61.9	77.7	69.2	19.1
178	90	42.1	63.5	50.5	110	101.8	103.8	36.2	99.3	108.4	62.2	77.8	69.4	19.2
178	91	42.2	63.5	50.7	110.7	102.5	103.8	36.4	99.9	109	62.6	77.9	69.7	19.2
178	92	42.4	63.5	50.9	111.3	103.3	103.7	36.6	100.4	109.5	63	78	69.9	19.3
178	93	42.5	63.5	51	111.9	104.1	103.7	36.9	101	110.1	63.4	78.1	70.2	19.3
178	94	42.7	63.5	51.2	112.6	104.8	103.7	37.1	101.6	110.7	63.8	78.2	70.4	19.4
178	95	42.8	63.5	51.4	113.2	105.6	103.7	37.3	102.2	111.3	64.2	78.3	70.7	19.5
178	96	43	63.5	51.6	113.8	106.3	103.7	37.6	102.7	111.9	64.6	78.4	70.9	19.5
178	97	43.1	63.5	51.8	114.5	107.1	103.7	37.8	103.3	112.5	65	78.5	71.2	19.6
178	98	43.3	63.5	51.9	115.1	107.9	103.7	38	103.9	113	65.3	78.6	71.4	19.6
178	99	43.4	63.4	52.1	115.7	108.6	103.7	38.3	104.5	113.6	65.7	78.7	71.7	19.7
178	100	43.6	63.4	52.3	116.4	109.4	103.7	38.5	105	114.2	66.1	78.8	71.9	19.7
178	101	43.7	63.4	52.5	117	110.2	103.7	38.7	105.6	114.8	66.5	78.9	72.2	19.8
178	102	43.9	63.4	52.6	117.6	110.9	103.7	38.9	106.2	115.4	66.9	79	72.4	19.9
178	103	44	63.4	52.8	118.3	111.7	103.6	39.2	106.7	115.9	67.3	79.1	72.7	19.9
178	104	44.2	63.4	53	118.9	112.5	103.6	39.4	107.3	116.5	67.7	79.2	72.9	20
178	105	44.3	63.4	53.2	119.6	113.2	103.6	39.6	107.9	117.1	68	79.3	73.2	20
178	106	44.5	63.4	53.4	120.2	114	103.6	39.9	108.5	117.7	68.4	79.4	73.4	20.1
178	107	44.6	63.4	53.5	120.8	114.7	103.6	40.1	109	118.3	68.8	79.5	73.7	20.1
178	108	44.8	63.4	53.7	121.5	115.5	103.6	40.3	109.6	118.8	69.2	79.7	73.9	20.2
178	109	44.9	63.3	53.9	122.1	116.3	103.6	40.6	110.2	119.4	69.6	79.8	74.2	20.3
178	110	45.1	63.3	54.1	122.7	117	103.6	40.8	110.8	120	70	79.9	74.4	20.3
178	111	45.2	63.3	54.2	123.4	117.8	103.6	41	111.3	120.6	70.4	80	74.7	20.4
178	112	45.4	63.3	54.4	124	118.6	103.6	41.3	111.9	121.2	70.7	80.1	74.9	20.4
178	113	45.6	63.3	54.6	124.6	119.3	103.5	41.5	112.5	121.8	71.1	80.2	75.2	20.5
178	114	45.7	63.3	54.8	125.3	120.1	103.5	41.7	113.1	122.3	71.5	80.3	75.4	20.5
178	115	45.9	63.3	55	125.9	120.9	103.5	42	113.6	122.9	71.9	80.4	75.7	20.6
178	116	46	63.3	55.1	126.6	121.6	103.5	42.2	114.2	123.5	72.3	80.5	75.9	20.7
178	117	46.2	63.3	55.3	127.2	122.4	103.5	42.4	114.8	124.1	72.7	80.6	76.2	20.7
178	118	46.3	63.2	55.5	127.8	123.1	103.5	42.7	115.4	124.7	73.1	80.7	76.4	20.8
178	119	46.5	63.2	55.7	128.5	123.9	103.5	42.9	115.9	125.2	73.4	80.8	76.7	20.8
178	120	46.6	63.2	55.9	129.1	124.7	103.5	43.1	116.5	125.8	73.8	80.9	76.9	20.9
178	121	46.8	63.2	56	129.7	125.4	103.5	43.4	117.1	126.4	74.2	81	77.2	20.9
178	122	46.9	63.2	56.2	130.4	126.2	103.5	43.6	117.7	127	74.6	81.1	77.4	21
178	123	47.1	63.2	56.4	131	127	103.5	43.8	118.2	127.6	75	81.2	77.7	21.1
178	124	47.2	63.2	56.6	131.6	127.7	103.4	44.1	118.8	128.1	75.4	81.3	77.9	21.1
178	125	47.4	63.2	56.7	132.3	128.5	103.4	44.3	119.4	128.7	75.8	81.4	78.2	21.2
178	126	47.5	63.2	56.9	132.9	129.2	103.4	44.5	120	129.3	76.1	81.5	78.4	21.2
178	127	47.7	63.1	57.1	133.5	130	103.4	44.8	120.5	129.9	76.5	81.6	78.6	21.3
178	128	47.8	63.1	57.3	134.2	130.8	103.4	45	121.1	130.5	76.9	81.7	78.9	21.3
178	129	48	63.1	57.5	134.8	131.5	103.4	45.2	121.7	131	77.3	81.8	79.1	21.4
178	130	48.1	63.1	57.6	135.5	132.3	103.4	45.5	122.2	131.6	77.7	81.9	79.4	21.5
179	35	33.7	64.5	40.8	74.9	59.5	104.9	23.3	67.5	76.2	40.8	72.7	55.7	16.1
179	36	33.9	64.5	40.9	75.5	60.2	104.9	23.5	68.1	76.8	41.2	72.8	55.9	16.1
179	37	34	64.5	41.1	76.1	61	104.9	23.7	68.7	77.4	41.6	72.9	56.2	16.2
179	38	34.2	64.5	41.3	76.8	61.7	104.9	24	69.3	78	42	73	56.4	16.2
179	39	34.3	64.5	41.5	77.4	62.5	104.9	24.2	69.8	78.5	42.4	73.1	56.7	16.3
179	40	34.5	64.5	41.7	78	63.3	104.9	24.4	70.4	79.1	42.8	73.2	56.9	16.3
179	41	34.6	64.5	41.8	78.7	64	104.9	24.7	71	79.7	43.2	73.3	57.2	16.4
179	42	34.8	64.5	42	79.3	64.8	104.9	24.9	71.6	80.3	43.5	73.4	57.4	16.5
179	43	34.9	64.4	42.2	79.9	65.6	104.9	25.1	72.1	80.9	43.9	73.5	57.7	16.5
179	44	35.1	64.4	42.4	80.6	66.3	104.8	25.4	72.7	81.4	44.3	73.6	57.9	16.6
179	45	35.2	64.4	42.5	81.2	67.1	104.8	25.6	73.3	82	44.7	73.7	58.2	16.6
179	46	35.4	64.4	42.7	81.8	67.8	104.8	25.8	73.9	82.6	45.1	73.8	58.4	16.7
179	47	35.5	64.4	42.9	82.5	68.6	104.8	26.1	74.4	83.2	45.5	73.9	58.7	16.7
179	48	35.7	64.4	43.1	83.1	69.4	104.8	26.3	75	83.8	45.9	74	58.9	16.8
179	49	35.8	64.4	43.3	83.8	70.1	104.8	26.5	75.6	84.4	46.2	74.1	59.2	16.9
179	50	36	64.4	43.4	84.4	70.9	104.8	26.8	76.2	84.9	46.6	74.2	59.4	16.9
179	51	36.1	64.4	43.6	85	71.7	104.8	27	76.7	85.5	47	74.3	59.7	17
179	52	36.3	64.4	43.8	85.7	72.4	104.8	27.2	77.3	86.1	47.4	74.4	59.9	17
179	53	36.4	64.3	44	86.3	73.2	104.8	27.5	77.9	86.7	47.8	74.5	60.2	17.1
179	54	36.6	64.3	44.2	86.9	74	104.8	27.7	78.5	87.3	48.2	74.6	60.4	17.1
179	55	36.7	64.3	44.3	87.6	74.7	104.7	27.9	79	87.8	48.6	74.7	60.7	17.2
179	56	36.9	64.3	44.5	88.2	75.5	104.7	28.2	79.6	88.4	48.9	74.8	60.9	17.3
179	57	37	64.3	44.7	88.8	76.2	104.7	28.4	80.2	89	49.3	74.9	61.2	17.3
179	58	37.2	64.3	44.9	89.5	77	104.7	28.6	80.7	89.6	49.7	75	61.4	17.4
179	59	37.3	64.3	45	90.1	77.8	104.7	28.8	81.3	90.2	50.1	75.1	61.7	17.4
179	60	37.5	64.3	45.2	90.8	78.5	104.7	29.1	81.9	90.7	50.5	75.2	61.9	17.5
179	61	37.6	64.3	45.4	91.4	79.3	104.7	29.3	82.5	91.3	50.9	75.3	62.2	17.5
179	62	37.8	64.2	45.6	92	80.1	104.7	29.5	83	91.9	51.3	75.4	62.4	17.6
179	63	37.9	64.2	45.8	92.7	80.8	104.7	29.8	83.6	92.5	51.6	75.5	62.7	17.6
179	64	38.1	64.2	45.9	93.3	81.6	104.7	30	84.2	93.1	52	75.6	62.9	17.7
179	65	38.2	64.2	46.1	93.9	82.3	104.6	30.2	84.8	93.6	52.4	75.7	63.2	17.8
179	66	38.4	64.2	46.3	94.6	83.1	104.6	30.5	85.3	94.2	52.8	75.8	63.4	17.8
179	67	38.6	64.2	46.5	95.2	83.9	104.6	30.7	85.9	94.8	53.2	75.9	63.7	17.9
179	68	38.7	64.2	46.6	95.8	84.6	104.6	30.9	86.5	95.4	53.6	76	63.9	17.9
179	69	38.9	64.2	46.8	96.5	85.4	104.6	31.2	87.1	96	54	76.1	64.2	18
179	70	39	64.2	47	97.1	86.2	104.6	31.4	87.6	96.6	54.4	76.2	64.4	18
179	71	39.2	64.1	47.2	97.7	86.9	104.6	31.6	88.2	97.1	54.7	76.3	64.7	18.1
179	72	39.3	64.1	47.4	98.4	87.7	104.6	31.9	88.8	97.7	55.1	76.4	64.9	18.2
179	73	39.5	64.1	47.5	99	88.5	104.6	32.1	89.4	98.3	55.5	76.5	65.2	18.2
179	74	39.6	64.1	47.7	99.7	89.2	104.6	32.3	89.9	98.9	55.9	76.6	65.4	18.3
179	75	39.8	64.1	47.9	100.3	90	104.6	32.6	90.5	99.5	56.3	76.7	65.7	18.3
179	76	39.9	64.1	48.1	100.9	90.7	104.5	32.8	91.1	100	56.7	76.8	65.9	18.4
179	77	40.1	64.1	48.3	101.6	91.5	104.5	33	91.7	100.6	57.1	76.9	66.1	18.4
179	78	40.2	64.1	48.4	102.2	92.3	104.5	33.3	92.2	101.2	57.4	77	66.4	18.5
179	79	40.4	64.1	48.6	102.8	93	104.5	33.5	92.8	101.8	57.8	77.1	66.6	18.6
179	80	40.5	64.1	48.8	103.5	93.8	104.5	33.7	93.4	102.4	58.2	77.2	66.9	18.6
179	81	40.7	64	49	104.1	94.6	104.5	34	93.9	102.9	58.6	77.3	67.1	18.7
179	82	40.8	64	49.1	104.7	95.3	104.5	34.2	94.5	103.5	59	77.4	67.4	18.7
179	83	41	64	49.3	105.4	96.1	104.5	34.4	95.1	104.1	59.4	77.5	67.6	18.8
179	84	41.1	64	49.5	106	96.8	104.5	34.7	95.7	104.7	59.8	77.6	67.9	18.8
179	85	41.3	64	49.7	106.6	97.6	104.5	34.9	96.2	105.3	60.1	77.7	68.1	18.9
179	86	41.4	64	49.9	107.3	98.4	104.4	35.1	96.8	105.8	60.5	77.8	68.4	19
179	87	41.6	64	50	107.9	99.1	104.4	35.3	97.4	106.4	60.9	77.9	68.6	19
179	88	41.7	64	50.2	108.6	99.9	104.4	35.6	98	107	61.3	78	68.9	19.1
179	89	41.9	64	50.4	109.2	100.7	104.4	35.8	98.5	107.6	61.7	78.1	69.1	19.1
179	90	42	63.9	50.6	109.8	101.4	104.4	36	99.1	108.2	62.1	78.2	69.4	19.2
179	91	42.2	63.9	50.7	110.5	102.2	104.4	36.3	99.7	108.8	62.5	78.3	69.6	19.2
179	92	42.3	63.9	50.9	111.1	103	104.4	36.5	100.3	109.3	62.8	78.4	69.9	19.3
179	93	42.5	63.9	51.1	111.7	103.7	104.4	36.7	100.8	109.9	63.2	78.5	70.1	19.4
179	94	42.6	63.9	51.3	112.4	104.5	104.4	37	101.4	110.5	63.6	78.6	70.4	19.4
179	95	42.8	63.9	51.5	113	105.2	104.4	37.2	102	111.1	64	78.7	70.6	19.5
179	96	42.9	63.9	51.6	113.6	106	104.4	37.4	102.6	111.7	64.4	78.8	70.9	19.5
179	97	43.1	63.9	51.8	114.3	106.8	104.3	37.7	103.1	112.2	64.8	78.9	71.1	19.6
179	98	43.2	63.9	52	114.9	107.5	104.3	37.9	103.7	112.8	65.2	79	71.4	19.6
179	99	43.4	63.9	52.2	115.6	108.3	104.3	38.1	104.3	113.4	65.5	79.1	71.6	19.7
179	100	43.6	63.8	52.3	116.2	109.1	104.3	38.4	104.9	114	65.9	79.2	71.9	19.8
179	101	43.7	63.8	52.5	116.8	109.8	104.3	38.6	105.4	114.6	66.3	79.3	72.1	19.8
179	102	43.9	63.8	52.7	117.5	110.6	104.3	38.8	106	115.1	66.7	79.4	72.4	19.9
179	103	44	63.8	52.9	118.1	111.3	104.3	39.1	106.6	115.7	67.1	79.5	72.6	19.9
179	104	44.2	63.8	53.1	118.7	112.1	104.3	39.3	107.2	116.3	67.5	79.6	72.9	20
179	105	44.3	63.8	53.2	119.4	112.9	104.3	39.5	107.7	116.9	67.9	79.7	73.1	20
179	106	44.5	63.8	53.4	120	113.6	104.3	39.8	108.3	117.5	68.2	79.8	73.4	20.1
179	107	44.6	63.8	53.6	120.6	114.4	104.2	40	108.9	118	68.6	79.9	73.6	20.2
179	108	44.8	63.8	53.8	121.3	115.2	104.2	40.2	109.4	118.6	69	80	73.9	20.2
179	109	44.9	63.7	53.9	121.9	115.9	104.2	40.5	110	119.2	69.4	80.1	74.1	20.3
179	110	45.1	63.7	54.1	122.5	116.7	104.2	40.7	110.6	119.8	69.8	80.2	74.4	20.3
179	111	45.2	63.7	54.3	123.2	117.5	104.2	40.9	111.2	120.4	70.2	80.3	74.6	20.4
179	112	45.4	63.7	54.5	123.8	118.2	104.2	41.2	111.7	121	70.6	80.4	74.9	20.4
179	113	45.5	63.7	54.7	124.5	119	104.2	41.4	112.3	121.5	71	80.5	75.1	20.5
179	114	45.7	63.7	54.8	125.1	119.7	104.2	41.6	112.9	122.1	71.3	80.6	75.4	20.6
179	115	45.8	63.7	55	125.7	120.5	104.2	41.9	113.5	122.7	71.7	80.7	75.6	20.6
179	116	46	63.7	55.2	126.4	121.3	104.2	42.1	114	123.3	72.1	80.8	75.9	20.7
179	117	46.1	63.7	55.4	127	122	104.2	42.3	114.6	123.9	72.5	80.9	76.1	20.7
179	118	46.3	63.6	55.6	127.6	122.8	104.1	42.5	115.2	124.4	72.9	81.1	76.4	20.8
179	119	46.4	63.6	55.7	128.3	123.6	104.1	42.8	115.8	125	73.3	81.2	76.6	20.8
179	120	46.6	63.6	55.9	128.9	124.3	104.1	43	116.3	125.6	73.7	81.3	76.9	20.9
179	121	46.7	63.6	56.1	129.5	125.1	104.1	43.2	116.9	126.2	74	81.4	77.1	21
179	122	46.9	63.6	56.3	130.2	125.8	104.1	43.5	117.5	126.8	74.4	81.5	77.4	21
179	123	47	63.6	56.4	130.8	126.6	104.1	43.7	118.1	127.3	74.8	81.6	77.6	21.1
179	124	47.2	63.6	56.6	131.4	127.4	104.1	43.9	118.6	127.9	75.2	81.7	77.9	21.1
179	125	47.3	63.6	56.8	132.1	128.1	104.1	44.2	119.2	128.5	75.6	81.8	78.1	21.2
179	126	47.5	63.6	57	132.7	128.9	104.1	44.4	119.8	129.1	76	81.9	78.4	21.2
179	127	47.6	63.6	57.2	133.4	129.7	104.1	44.6	120.4	129.7	76.4	82	78.6	21.3
179	128	47.8	63.5	57.3	134	130.4	104	44.9	120.9	130.3	76.7	82.1	78.9	21.3
179	129	47.9	63.5	57.5	134.6	131.2	104	45.1	121.5	130.8	77.1	82.2	79.1	21.4
179	130	48.1	63.5	57.7	135.3	132	104	45.3	122.1	131.4	77.5	82.3	79.4	21.5
180	35	33.7	64.9	40.8	74.7	59.1	105.6	23.2	67.4	76	40.7	73.1	55.6	16.1
180	36	33.8	64.9	41	75.3	59.9	105.6	23.4	67.9	76.6	41	73.2	55.9	16.1
180	37	34	64.9	41.2	75.9	60.6	105.6	23.6	68.5	77.2	41.4	73.3	56.1	16.2
180	38	34.1	64.9	41.4	76.6	61.4	105.6	23.9	69.1	77.8	41.8	73.4	56.4	16.2
180	39	34.3	64.9	41.5	77.2	62.2	105.5	24.1	69.7	78.3	42.2	73.5	56.6	16.3
180	40	34.4	64.9	41.7	77.8	62.9	105.5	24.3	70.2	78.9	42.6	73.6	56.9	16.4
180	41	34.6	64.9	41.9	78.5	63.7	105.5	24.5	70.8	79.5	43	73.7	57.1	16.4
180	42	34.7	64.9	42.1	79.1	64.5	105.5	24.8	71.4	80.1	43.4	73.8	57.4	16.5
180	43	34.9	64.8	42.3	79.8	65.2	105.5	25	72	80.7	43.7	73.9	57.6	16.5
180	44	35	64.8	42.4	80.4	66	105.5	25.2	72.5	81.2	44.1	74	57.9	16.6
180	45	35.2	64.8	42.6	81	66.7	105.5	25.5	73.1	81.8	44.5	74.1	58.1	16.6
180	46	35.3	64.8	42.8	81.7	67.5	105.5	25.7	73.7	82.4	44.9	74.2	58.4	16.7
180	47	35.5	64.8	43	82.3	68.3	105.5	25.9	74.3	83	45.3	74.3	58.6	16.7
180	48	35.6	64.8	43.1	82.9	69	105.5	26.2	74.8	83.6	45.7	74.4	58.9	16.8
180	49	35.8	64.8	43.3	83.6	69.8	105.4	26.4	75.4	84.1	46.1	74.5	59.1	16.9
180	50	35.9	64.8	43.5	84.2	70.6	105.4	26.6	76	84.7	46.5	74.6	59.4	16.9
180	51	36.1	64.8	43.7	84.8	71.3	105.4	26.9	76.6	85.3	46.8	74.7	59.6	17
180	52	36.2	64.8	43.9	85.5	72.1	105.4	27.1	77.1	85.9	47.2	74.8	59.9	17
180	53	36.4	64.7	44	86.1	72.9	105.4	27.3	77.7	86.5	47.6	74.9	60.1	17.1
180	54	36.6	64.7	44.2	86.7	73.6	105.4	27.6	78.3	87	48	75	60.4	17.1
180	55	36.7	64.7	44.4	87.4	74.4	105.4	27.8	78.9	87.6	48.4	75.1	60.6	17.2
180	56	36.9	64.7	44.6	88	75.1	105.4	28	79.4	88.2	48.8	75.2	60.9	17.3
180	57	37	64.7	44.7	88.7	75.9	105.4	28.3	80	88.8	49.2	75.3	61.1	17.3
180	58	37.2	64.7	44.9	89.3	76.7	105.4	28.5	80.6	89.4	49.5	75.4	61.4	17.4
180	59	37.3	64.7	45.1	89.9	77.4	105.4	28.7	81.1	90	49.9	75.5	61.6	17.4
180	60	37.5	64.7	45.3	90.6	78.2	105.3	29	81.7	90.5	50.3	75.6	61.9	17.5
180	61	37.6	64.7	45.5	91.2	79	105.3	29.2	82.3	91.1	50.7	75.7	62.1	17.5
180	62	37.8	64.6	45.6	91.8	79.7	105.3	29.4	82.9	91.7	51.1	75.8	62.4	17.6
180	63	37.9	64.6	45.8	92.5	80.5	105.3	29.7	83.4	92.3	51.5	75.9	62.6	17.7
180	64	38.1	64.6	46	93.1	81.2	105.3	29.9	84	92.9	51.9	76	62.9	17.7
180	65	38.2	64.6	46.2	93.7	82	105.3	30.1	84.6	93.4	52.2	76.1	63.1	17.8
180	66	38.4	64.6	46.3	94.4	82.8	105.3	30.4	85.2	94	52.6	76.2	63.4	17.8
180	67	38.5	64.6	46.5	95	83.5	105.3	30.6	85.7	94.6	53	76.3	63.6	17.9
180	68	38.7	64.6	46.7	95.7	84.3	105.3	30.8	86.3	95.2	53.4	76.4	63.9	17.9
180	69	38.8	64.6	46.9	96.3	85.1	105.3	31.1	86.9	95.8	53.8	76.5	64.1	18
180	70	39	64.6	47.1	96.9	85.8	105.2	31.3	87.5	96.3	54.2	76.6	64.4	18.1
180	71	39.1	64.6	47.2	97.6	86.6	105.2	31.5	88	96.9	54.6	76.7	64.6	18.1
180	72	39.3	64.5	47.4	98.2	87.4	105.2	31.7	88.6	97.5	54.9	76.8	64.9	18.2
180	73	39.4	64.5	47.6	98.8	88.1	105.2	32	89.2	98.1	55.3	76.9	65.1	18.2
180	74	39.6	64.5	47.8	99.5	88.9	105.2	32.2	89.8	98.7	55.7	77	65.4	18.3
180	75	39.7	64.5	48	100.1	89.6	105.2	32.4	90.3	99.3	56.1	77.1	65.6	18.3
180	76	39.9	64.5	48.1	100.7	90.4	105.2	32.7	90.9	99.8	56.5	77.2	65.9	18.4
180	77	40	64.5	48.3	101.4	91.2	105.2	32.9	91.5	100.4	56.9	77.3	66.1	18.5
180	78	40.2	64.5	48.5	102	91.9	105.2	33.1	92.1	101	57.3	77.4	66.4	18.5
180	79	40.3	64.5	48.7	102.6	92.7	105.2	33.4	92.6	101.6	57.6	77.5	66.6	18.6
180	80	40.5	64.5	48.8	103.3	93.5	105.2	33.6	93.2	102.2	58	77.6	66.9	18.6
180	81	40.6	64.4	49	103.9	94.2	105.1	33.8	93.8	102.7	58.4	77.7	67.1	18.7
180	82	40.8	64.4	49.2	104.6	95	105.1	34.1	94.4	103.3	58.8	77.8	67.4	18.7
180	83	40.9	64.4	49.4	105.2	95.7	105.1	34.3	94.9	103.9	59.2	77.9	67.6	18.8
180	84	41.1	64.4	49.6	105.8	96.5	105.1	34.5	95.5	104.5	59.6	78	67.9	18.9
180	85	41.2	64.4	49.7	106.5	97.3	105.1	34.8	96.1	105.1	60	78.1	68.1	18.9
180	86	41.4	64.4	49.9	107.1	98	105.1	35	96.6	105.6	60.4	78.2	68.4	19
180	87	41.5	64.4	50.1	107.7	98.8	105.1	35.2	97.2	106.2	60.7	78.3	68.6	19
180	88	41.7	64.4	50.3	108.4	99.6	105.1	35.5	97.8	106.8	61.1	78.4	68.9	19.1
180	89	41.9	64.4	50.4	109	100.3	105.1	35.7	98.4	107.4	61.5	78.5	69.1	19.1
180	90	42	64.4	50.6	109.6	101.1	105.1	35.9	98.9	108	61.9	78.6	69.4	19.2
180	91	42.2	64.3	50.8	110.3	101.9	105	36.2	99.5	108.5	62.3	78.7	69.6	19.3
180	92	42.3	64.3	51	110.9	102.6	105	36.4	100.1	109.1	62.7	78.8	69.9	19.3
180	93	42.5	64.3	51.2	111.5	103.4	105	36.6	100.7	109.7	63.1	78.9	70.1	19.4
180	94	42.6	64.3	51.3	112.2	104.1	105	36.9	101.2	110.3	63.4	79	70.4	19.4
180	95	42.8	64.3	51.5	112.8	104.9	105	37.1	101.8	110.9	63.8	79.1	70.6	19.5
180	96	42.9	64.3	51.7	113.5	105.7	105	37.3	102.4	111.5	64.2	79.2	70.9	19.5
180	97	43.1	64.3	51.9	114.1	106.4	105	37.6	103	112	64.6	79.3	71.1	19.6
180	98	43.2	64.3	52.1	114.7	107.2	105	37.8	103.5	112.6	65	79.4	71.4	19.7
180	99	43.4	64.3	52.2	115.4	108	105	38	104.1	113.2	65.4	79.5	71.6	19.7
180	100	43.5	64.2	52.4	116	108.7	105	38.2	104.7	113.8	65.8	79.6	71.8	19.8
180	101	43.7	64.2	52.6	116.6	109.5	105	38.5	105.3	114.4	66.1	79.7	72.1	19.8
180	102	43.8	64.2	52.8	117.3	110.2	104.9	38.7	105.8	114.9	66.5	79.8	72.3	19.9
180	103	44	64.2	52.9	117.9	111	104.9	38.9	106.4	115.5	66.9	79.9	72.6	19.9
180	104	44.1	64.2	53.1	118.5	111.8	104.9	39.2	107	116.1	67.3	80	72.8	20
180	105	44.3	64.2	53.3	119.2	112.5	104.9	39.4	107.6	116.7	67.7	80.1	73.1	20
180	106	44.4	64.2	53.5	119.8	113.3	104.9	39.6	108.1	117.3	68.1	80.2	73.3	20.1
180	107	44.6	64.2	53.7	120.4	114.1	104.9	39.9	108.7	117.8	68.5	80.3	73.6	20.2
180	108	44.7	64.2	53.8	121.1	114.8	104.9	40.1	109.3	118.4	68.8	80.4	73.8	20.2
180	109	44.9	64.1	54	121.7	115.6	104.9	40.3	109.9	119	69.2	80.5	74.1	20.3
180	110	45	64.1	54.2	122.4	116.3	104.9	40.6	110.4	119.6	69.6	80.6	74.3	20.3
180	111	45.2	64.1	54.4	123	117.1	104.9	40.8	111	120.2	70	80.7	74.6	20.4
180	112	45.3	64.1	54.5	123.6	117.9	104.8	41	111.6	120.7	70.4	80.8	74.8	20.4
180	113	45.5	64.1	54.7	124.3	118.6	104.8	41.3	112.2	121.3	70.8	80.9	75.1	20.5
180	114	45.6	64.1	54.9	124.9	119.4	104.8	41.5	112.7	121.9	71.2	81	75.3	20.6
180	115	45.8	64.1	55.1	125.5	120.2	104.8	41.7	113.3	122.5	71.6	81.1	75.6	20.6
180	116	45.9	64.1	55.3	126.2	120.9	104.8	42	113.9	123.1	71.9	81.2	75.8	20.7
180	117	46.1	64.1	55.4	126.8	121.7	104.8	42.2	114.4	123.7	72.3	81.3	76.1	20.7
180	118	46.2	64.1	55.6	127.4	122.5	104.8	42.4	115	124.2	72.7	81.4	76.3	20.8
