0.152815527028295
0.102137550887504
-0.211571572950066
-0.0648344961375136
0.262542125672624
0.0566973241794288
-0.247977013972327
-0.00465904350128726
-0.108788506252014
0.165642234722975
-0.619964829607320
-0.702558112588508
-0.192336782346114
0.270674710889575
-0.166987745425878
0.137060891708527
0.424575866897349
0.308422415752492
0.240675828250027
0.489039899200463
0.538209874258855
0.416913427527850
0.600747807862526
0.518432589631770
0.619176653610116
0.526634931117302
0.797546431624346
0.252941021649856
0.267253666529243
0.183542825053385
-0.0101189316221155
0.368515120599687
0.345451125729304
0.624382615298396
0.417006732247612
0.215481091674077
0.500730483897035
0.289325329346889
0.301155272879533
0.301065654556567
0.400750556435306
0.699039821097107
0.497463834068891
0.207154546512503
0.236208920573348
-0.0498162856365674
0.341816741531356
0.353522206224087
0.523852454969587
0.322664957124168
0.291836247000325
0.196155122215781
-0.219286859306891
0.262037643585529
0.0901026061953777
0.254442510425054
0.261502724856685
-0.0154527073984683
0.573855786463885
0.451021246514929
0.454354786594862
-0.0307189347851393
-0.127599878938058
-0.209522662184155
0.0811240087568059
-0.222927106095078
-0.112340953032011
-0.374776653407403
-0.534546348884581
-0.506364395292401
0.0376514149117805
-0.422930995769030
-0.0235556800160015
-0.150405505010233
0.506103975572352
-0.173213190836362
0.103662637831363
0.424082736572828
0.714519341933953
0.569646738463521
0.478516267969034
0.715478103655557
0.621820819694015
0.348620480882823
0.692639446364345
0.907862554444339
0.900683274823752
0.800781007059102
0.792427047775019
0.861353832240939
0.912298286963640
0.885237154336365
0.595956640738548
0.674536510101653
-0.0786047192923720
0.275291971810312
0.471939691116181
0.442107038116237
0.612688739542797
0.512619938476812
0.476057445793320
0.622244683503260
0.754815169395587
0.479114236487353
0.610190823039790
0.781627332445809
0.801089541829099
0.771693099946893
0.927042150194505
0.649393176951333
0.797036355579706
0.646421881985322
0.873234809036847
-0.218568525932113
-0.502889884074991
-0.509650780736649
-0.468446541405018
-0.318856506374979
-0.300036118057077
0.0233005214765085
0.130212182769292
-0.129217091465384
-0.378942885370503
0.102944260562610
0.100579661811482
0.0938724220222436
0.387615445957885
0.627699381727265
0.861616850677591
0.441455313319342
0.772599775514967
1.07372576903317
0.876305899544364
0.882257208750079
0.876474647227572
1.18987587361629
0.559112313455511
0.767860888210279
1.22059619016997
0.556750758557773
0.770243712826617
-0.907531548116815
-1.03563228898337
0.436591981418846
0.644770258061087
-1.13107329832274
0.410204036306014
0.358098883224931
0.582960291217516
-2.13710555804559
-3.03817409097664
-1.57687004316309
-1.14121614441871
-2.22762556374602
-1.82003409056315
-2.66585437060951
-2.08484572858417
-1.78646950476957
-1.65591764020521
-2.39614921236664
-3.80227587591625
-1.54625776973482
-0.286552343877723
0.0478472461109952
-0.346852681042562
0.0775572801597482
0.552214057168994
0.469837367299239
0.685150007101561
0.843428131528160
0.999978733337500
0.639308128137656
0.518407794909345
1.23458467521283
1.17662130344810
0.991882280455766
0.730825516096429
1.02822602132097
0.379876382631661
0.952765646539759
0.652042936917161
1.14386726473645
1.14309618627120
-0.128365539703791
0.722021876181373
0.611044875483799
0.673536586037840
0.00947691066398171
0.657875953340940
0.312253427677858
0.465756564929226
0.757695384741710
0.524491604040357
0.372361509505680
0.507173854233966
0.237147531197713
-0.0309626124705521
0.190128347145842
-0.823142883979130
0.0196883105627039
-0.267521939637877
-0.0317350956274125
0.140587047476036
-0.472801180539107
-0.432957779180563
0.0995926397883203
-0.386922320800188
-0.174824237176839
-0.442864332049921
-1.00766510206598
-2.59066106905318
-0.680353409903455
0.265791384821784
0.0749321819311208
-0.0682842041246685
0.308378184676286
0.239330147363737
0.253900651107022
0.319570931426119
0.220748418105870
0.609150180544137
0.859963982033401
-0.0252141456363451
-2.27872953421680
-0.346327538338400
0.733925269529503
0.496145327620695
0.614880802084218
0.365112049740016
-0.0729552961165763
-0.178242160808295
-1.16150581474455
-2.19971368358402
-1.67308393113522
-0.796320819460868
-0.487726157719019
-0.779813003600073
-0.0337681237016186
0.0297749200054372
0.181867452347065
0.556988662690201
0.350557912200164
-0.658395277254464
-1.68008837684665
-1.49554452401556
-1.05304516311611
-0.700419881588726
-0.184643112809046
-0.466856682418251
-0.272598587388803
0.293391203966178
0.709858247401000
0.118030430921347
0.525766049842127
-0.777353764179823
-0.0227682053915740
0.122416882383297
0.538174999317685
-0.337296309125460
0.148131847245017
0.345206284829243
0.561331437197407
0.945054112948874
0.391389707994327
0.0948492988268454
1.21219799897537
1.15788198383144
0.631498611675689
0.524713548652465
0.0210573019559206
0.864266963134468
-0.0288114650678714
0.166827415978185
0.0985610586325983
-0.0857431356367208
-0.384800794255344
0.123788889980764
-0.450259238666766
-0.563249092392106
-0.797383475117816
-0.142266139260066
-0.641507474547153
-0.554427595117704
-0.752631789930021
-0.340691526627302
-0.681334529934452
-0.224173721742199
-0.0847848879927167
0.0846013061783556
-1.04943105802050
-0.0867539374025395
-0.336506056482108
0.428226460338277
0.783789663749372
0.191080304851489
0.466812421112081
0.415383395000885
0.740870108183516
0.874469261788840
0.911061898943212
0.315722442700898
0.788870672112569
-0.0141383302405430
-0.596918140400686
-1.26957313671743
-2.11840311377604
-1.24177311911214
-2.79528685743981
-0.384895394046811
-2.91464333181444
-1.57071569474512
-0.394577007824167
-0.524493714350055
-0.217358146929441
0.176743040496629
0.126057552721773
0.373132289311794
0.326329984059329
0.335090200577202
0.298884759377789
-0.0184024822641086
0.127988349877619
0.493950297377671
0.611435778686924
0.879611248630708
0.151903267693097
-2.58134701447023
-0.740888662481900
-0.163943345277266
-2.97291958886832
-0.538074700559111
-0.0581436180970364
-0.118146880244227
-0.0482698828548820
-0.295911368629385
-0.437598784173785
0.00983096989964292
0.460090226611232
0.314231036917210
0.105911396071635
0.154857361463376
0.153129761747816
0.896496252408323
0.843788192347751
0.252123264325404
0.828614293494546
0.927519839306802
0.427494912529020
0.703597274848105
0.529714957491064
0.316378294615314
-0.0228401981291671
0.478871795324124
0.671330600727188
-0.705473493943159
-0.476666038741449
0.156237989362219
-0.569308115843867
-0.278389786894466
0.688889358747680
0.857423280965093
-0.424848864737039
0.0959503724540445
0.471178462176258
0.304421839404307
0.792369961120564
0.717750000732230
0.360434213585141
0.0211996737284237
0.889542699393283
1.66882094036135
0.588948200464150
0.979064865267015
0.786596515094679
0.906312452315158
0.933955303893680
0.722223064684509
0.896738489860664
0.861003629478370
0.187141776252579
-0.314885005007901
0.206505117149933
0.583140153985209
0.619310979140734
0.728316164945110
0.213807473812758
0.771671781816738
0.988733965512230
0.719157341688724
0.817439969836822
0.793587418672750
0.315039199864349
0.537699827871577
0.425711734016978
0.733969857647306
-0.455291932968915
0.357350005398247
0.763247729318158
0.546438781644443
0.409116582090016
-0.0129760703215137
-0.770311390771471
-0.0390691762223272
0.254125394471931
0.510692844797377
-0.298940524532232
0.108768570399628
-0.0709338404997088
-0.368285597146085
-1.72006290427526
-1.38705679222054
-0.249123096998737
-0.0487199979705655
0.443414098994049
0.189184579016982
-0.520582211188354
-0.443711113814840
-0.0701291678342779
-0.399653523540091
-1.89948083648048
-0.209474893128989
-0.0232223245331668
0.0745243514916219
-1.23521206373398
-1.25314621523305
-1.42693176411051
-0.988369597410081
-0.532384216318948
-1.00486749595904
-1.71362287071780
-2.28092769762436
-2.23204853987183
-1.78756534894215
-0.633793977276060
-0.167817779354350
-0.155678270487640
-0.324015879931037
-0.370281110595303
-1.03109415132170
-0.607300611163975
0.221585039045729
-0.663096043603681
-0.558208354432414
-0.327554942120736
-0.0199616153214183
0.573144404645378
0.346057205388961
-0.659941843419403
-0.166798483852879
0.430750202410853
0.584970021232057
0.758218266260640
0.882544748989590
0.768345206442972
1.07937588475102
0.903820968187975
0.430847806690949
0.621681334741263
0.231864097544246
0.338127415170246
-1.33663703350517
-2.23356455649928
-1.26781917654840
-1.38513012429566
-1.97744073240447
-1.22511728483869
-0.235500354563881
-0.950908699622936
-0.661602403827909
-0.637209274982492
-0.682047323377790
-2.41093396373342
-1.40375053672970
-0.634965935994592
-0.309644618141589
-0.197932822424224
-1.57273502839734
-1.54747608070247
-1.24502938211895
-1.95878603878156
-2.30283145439324
-1.37745277503064
-2.32559818571334
-3.61420458147243
-1.18880835411727
0.127906558407293
0.155804622839424
-0.194987213418627
-0.323950768419009
0.201473490053278
-0.502338366793314
-0.112010351636262
0.342773424236443
0.457188116253514
0.151603711263845
0.567960256987199
0.175208960286316
0.479613776381051
0.460769515468629
0.350304148553608
0.615903591407073
0.0912368184991549
-1.44960210539981
-0.538598597418319
-0.370752638203897
-0.0970032421760327
-0.111554450423259
-1.23242913565899
-0.756946446964202
0.400949917313901
-0.288908605142772
0.587809132833653
0.723073059686703
-0.332786333931788
0.399525475502222
0.397774379041314
0.709039186906036
0.816007066751817
0.767709734974836
0.848991706709050
0.608627473952562
0.585444596412841
0.409122483531881
-0.406119418853661
-1.74719512060075
-1.13935168728684
0.174384494892977
0.667418039340996
-1.90264613273528
-0.886392682714578
-0.684995057899331
0.0945171373681471
0.170177256453982
0.270157514913791
-2.01815016098431
-2.61477735092201
-0.436919200269736
-2.10267836883019
-1.42402270139222
-2.23963916039809
-3.83555405767164
-1.02090854941258
-0.699862945079790
-1.22852242876766
-0.392633571111768
0.187374435326188
0.115463478499094
-0.426783319821018
-0.0171018402055796
0.247575957447986
-1.66004049282791
-0.710615024394294
-0.452057487523440
-0.479421670620339
-0.802415228370226
-2.47586071420294
-3.86825348068531
-2.42878246053028
-1.68333640608970
-1.03547846010374
-0.413745008400640
-0.622995908724170
-2.64143696035780
-1.53738659403260
-0.345054543963799
-0.352222639919153
-0.0724773138141292
0.271657321422173
-0.541133050161808
-1.25842845129635
-1.10399223860628
0.00188009487353859
0.390784956679617
-0.0775918329261071
0.211200441875400
-0.449195680361747
0.103227433455392
-0.267629201440630
0.0727856509028214
-0.301248737419034
-0.680268148510259
-1.78276065439663
-2.50316595664473
-4.09361587973997
-2.78775804685482
-1.06423261303518
-0.962175648238016
-1.88264201576008
-2.31969967658966
-1.07899267514170
-2.25500379426314
-3.15005517815950
-1.85257608686475
-2.46940686354460
-1.62684108751772
-0.251563206630357
-1.15545520226408
-0.346426171536189
-0.362070436661012
-1.02483004790480
0.0412335567142389
-0.229082568160710
0.486646127644892
0.679456507029921
0.571935632168217
0.226310238155829
-0.160840214825596
-1.28801274538807
-0.184738856052332
-0.138743378051717
0.159171749338070
0.140634002765696
-0.407113112003192
-1.08079683168201
-2.50157719739989
-1.23595104643141
-1.48656677919599
-1.36001306173593
-0.980315391368283
-1.47057424726940
-2.35678012146970
-3.96300625804753
-1.38342740902613
-0.793589709203840
-0.695715748471700
-2.01769883591427
-0.921080038735566
-2.27886705280775
-1.81692279650092
-2.04802236507184
-0.745361391167267
-1.15589798286342
-1.54945156534164
-1.33734716767404
-1.80525558441603
-0.372549532298876
0.0954832336919230
0.461710677210530
0.434470655170399
0.384481926361942
0.228018674883117
0.458986052728747
0.106638645036949
0.353508120347812
-0.578639735708226
-2.64332953882653
-1.84427122662737
-1.00260237066050
-1.50469044215006
-1.10142769854438
-0.971461399620371
-0.829621322137036
-1.07061170399972
-1.11911030143587
-1.04061997043054
-1.83228412725580
-3.11490277406856
-2.85205794536857
-2.03826352985966
-0.696239446631065
-0.377311783116247
0.0441235145150878
-0.235383851348244
0.0766930926654154
0.203891415185206
-0.411541210002198
0.0686258958968817
0.0351918484416071
0.481632238322530
0.153338052855162
0.409936414058147
-0.0638497651727185
0.362644614006523
0.458854107691222
-0.0505188628388902
0.274630378359418
0.354092336097386
0.399453858526006
-0.556844821082941
-0.155128657259011
0.161190631770012
0.309337438261767
0.294824994168160
0.589560291633310
0.160841475668048
-0.378398787721715
-0.371346657883037
-0.319802999316569
-0.418797886066624
-0.332784044682644
0.355116002862392
0.479967812527169
-0.307295322881460
-0.708392175462125
-1.82879186804837
0.0423353016858538
-0.208526521181717
0.186064344361475
0.111987725421486
-0.128784776397487
-0.534297151153899
-0.694870598958810
-0.807913062604680
-0.0372870668555452
-0.288023401906014
-0.0423002034264163
0.230759461537228
0.394208749743991
0.387619208293562
0.223547747359653
0.272694499263991
0.209539940236921
0.240392756015147
-0.0315869468329428
0.191954836469708
0.235810398705557
0.363114885299654
0.250741053100632
-0.249513116642385
0.282231392683858
0.448809443109994
0.198849391223355
0.178770806527044
0.0194455251574878
0.389705119190792
-0.209394925066313
-0.0918464188881059
0.315981507034596
0.0218584315998344
-0.934760305791213
-0.266631576720631
-0.300136918761587
-0.0778612052909801
-0.0489273453316571
-0.0361407686862305
0.0375846720647282
0.133084207358681
-0.0119967555751482
-0.332336614125093
-0.470348490867700
-0.132875149147331
-1.00592752986091
0.0327029609083741
0.539941784171926
0.473681743231108
-0.156353444755896
-0.461353103259054
-1.15816697459792
-0.273008915189946
-0.0149515479851507
0.244655734003218
-0.0500681385816667
0.206656839956441
-0.279637982142023
-2.20583727967108
-1.75253260674868
-0.455677326763705
0.212206157766925
0.0789110509229438
0.293432587753690
-0.0722692112141228
-0.129455470341861
-0.244781360513713
-0.117697334765709
0.0141138604380351
0.0188275990775056
-0.609245285682552
-1.19065805128455
-0.115608549170127
-0.369533198101483
0.0637339429756545
-0.0693171204818583
-0.316015152490296
-0.104017491326014
-0.0678619384415504
-2.28988036264180
-2.29378342615653
-1.72576001185761
-0.0983388294045273
-0.275134095334211
-0.312562198452478
0.191259969222037
0.292746133910310
0.386750615339585
0.103452802494705
-0.477795209734950
-0.600193303189394
-0.241161603737780
-0.900352294319351
-2.43998389935236
-1.49265365683581
-1.26664971090044
-0.819097019591027
-1.57635098965024
-3.07790844302801
-1.50038884455185
-2.33675033572481
-2.58817283161266
-1.08791669460934
-0.322114172827505
0.0901050500862605
0.0128542971174657
0.193947491677673
0.110589998764151
0.0538971985885862
-0.693454022772138
-0.729743476692993
-0.0652011245719140
-0.0279152986199039
-0.378932589619162
-1.87761181485316
-1.15695868589261
-0.102494494745624
0.0741918774686593
0.431932347403382
0.304862810467525
0.294887017005479
0.576612799581249
0.605695906181781
0.751036120349442
0.662584118731454
0.230325645285756
0.490650131355549
0.484325784416770
0.761629890787271
-0.0717068771369008
0.324852724135615
0.312802870829091
0.568144975537371
0.282528025315646
0.222632742629943
0.138682252058275
0.386083135691307
0.324672169837009
-0.0284307011766498
0.403930092118739
-0.0449702164927758
0.0984079837291319
0.185169182584885
-0.0228689682997930
0.345337405292031
0.544797711620088
0.540191414868222
-0.0151986808065804
-0.462065382690531
0.170026891985411
-0.574930456991326
-2.22680731526221
-2.92426370151174
-0.918927940276046
-1.39765537351078
-2.65075782189969
-3.41611624835833
-0.732586077111124
0.0465541285753709
-0.239391730901242
0.247897920890477
0.276277799243409
0.265528996292006
0.140896343705081
-0.872545895697610
-0.817834373242962
-0.0962263241725376
-0.165168022287525
-0.260177858499543
0.0503414178639563
-0.494856675090368
-0.0492718199158540
0.0732422522523308
-0.728105191727241
-1.84564351273783
-0.946686819789027
0.285443165853490
0.308875147995781
0.265461878137574
0.555241391305343
0.726474234866962
0.157241874785755
-1.34019914402342
-0.225216114969050
0.160962452442757
-1.23826392967837
-0.294487934782269
0.0331169209344795
-0.257642144901894
0.140279917148336
0.0629131423105758
0.0424804599856305
0.353594715816584
0.150804960162187
0.214429954678353
-0.158978848432378
0.248665711928919
-0.0583163548364879
0.00457676636792023
-0.179619582016477
0.0517170313870810
0.246369115035426
-1.56049368352880
-2.65028044625767
-2.51890909791651
-0.832502054315331
-1.49113543669668
-0.182763637035501
-0.491824324876513
-0.0838049090843702
-0.164185805473186
-0.0246904227720250
-0.275187963788628
-0.170897185610170
-0.124678043821803
-0.0121579070673969
-0.931738887233444
-0.363856059428508
-0.517974068065773
-1.19270602277951
-2.46146134797462
-0.916840372199163
-0.377116920924501
-0.769757452671642
-0.529364232975644
-2.01286210139200
-2.48953878459361
-1.69240822622370
-0.399380594211706
-0.565479509413215
-0.155006374503414
-0.517236406409533
-0.293712529093344
-0.186227012509230
0.0803893649588810
0.162287234339758
0.102287060666073
-1.37188306518051
-0.172961083044260
0.161712991773433
0.0271092737545596
0.376753178806535
-0.283965959539195
-0.430405478612770
-0.493392127389574
-0.899109350173101
-0.479404654143767
-0.350920303368339
-0.402640520923132
-0.585266158654112
0.204202147628693
-0.223588673065162
0.315217453743153
0.653165390808548
0.393519755319319
0.806432037516648
0.422689640164256
0.604104460955462
0.329848084674961
-0.0248882222860894
0.00946650166196762
0.374203252019308
-0.253018162050533
0.268087314469150
0.120035869065386
0.200133013828599
0.545969821735648
0.423547830747445
-1.35320703060369
-1.83828257570818
0.195411944802869
-1.34503339679978
-1.20018940720297
-0.361227780283896
-0.885492604796470
-0.480789397034566
-0.0402999069662822
-0.0799924763238930
-0.202992781912680
-0.733759721731858
-0.929718836499145
-0.541515630462945
-1.62436964246812
-2.91239778477280
-1.44786809222485
-0.0174157920280059
0.173622808548828
-0.0192675714975200
0.389471011959211
0.356259885470307
0.507927675947883
0.451174072429224
-0.422109021829922
-0.966400241190073
-0.128572382914504
0.200036691967313
0.191708336424516
0.200713023241095
-0.890962960065838
-0.113672173520897
-0.263679177828350
0.192596149552585
0.604890980557869
-0.00670516559264290
0.505553376512208
0.278982368784048
0.331276676001440
-0.133899997425631
-0.830993926487190
-0.492695608547373
-0.664716811036039
-0.0460898516203076
0.0969504660844824
0.527820626748415
0.113809218675432
0.443282795748353
0.715695332847501
0.805444357276360
0.605618509357911
0.815582560545371
0.882124990950470
-0.450637346775872
0.550833499748385
0.297988015729389
0.681014908905351
-0.0777006273059957
-0.101690766333792
0.295588403964558
-0.0462266455373908
-0.339160999563732
-0.396495089264621
-0.277586629221808
-2.79063948633970
-1.74299053132578
-0.331570527494772
-0.414521487270514
-0.0252355556826841
0.212359388612745
0.381853373819809
-1.03784113327108
-2.37398477037947
-0.735745811255526
-1.60317196794981
-1.97309408549594
-0.699034934093202
-0.0546643260110299
0.334848358765489
-0.0135859740463612
-0.134419819313440
-0.860960960021868
-0.113248392986151
0.0510347666789983
-0.0727266386416877
0.0291988192682742
0.113472468967899
0.463328815862779
0.0463999993210238
-0.439950563469884
-0.0414949501465395
-1.07915594794025
-0.135677507298026
0.118451738259634
-0.179982180598378
-0.967167043637641
0.0160569964817714
0.203743636560337
0.0745690573002370
-0.633519864872222
-1.20147371718157
0.414096175037208
0.528492709839117
-0.677549353303748
-0.857886198997493
-0.0745074968995261
0.494540726512235
0.488768535474246
0.140890190350303
-0.662151201152864
-0.215996818161329
-0.236291673814798
-0.291888058401375
-1.59590960890390
-0.383871589312425
-0.447350428347545
-0.0255515211717944
-0.0965741208197465
-0.720836494779317
-1.36212086480978
-0.174847541258116
0.236494242075331
0.151060244005426
0.146197114240997
0.540515698001048
0.943488033677072
-0.311550003151777
0.278244080419000
-0.581848315530662
0.175444313279382
-0.535253881393932
0.546878911881312
0.119990482803309
-0.816943451195858
0.0321976309838765
0.0774978777650152
-0.104644161401638
0.205446879364309
-0.368699862610939
0.716758689280587
0.801370247725189
-0.323641119990870
-0.693423695115989
-1.00030935580753
-1.30766019915821
-0.934671637863342
-1.00845364691509
-0.198006016096522
-0.224374330705492
0.106973507869075
0.123815508525335
-0.0896181816337822
-0.581439692435925
0.197046400790403
0.132728983326482
-0.339804231508942
0.295854947552063
-0.252587211958142
0.376308397895826
-0.0962890131245579
0.302232786775848
-0.583614752117562
-0.680265944984674
-0.0988269399196637
-0.0682288634136669
0.00590147956702594
-0.323109081249061
-0.454187805046346
-0.212136370572457
0.310424794149656
0.282737087117098
0.617703618002400
0.532741161665571
0.145199263895841
0.468229848650760
0.408620406712809
0.948860541649181
0.296569715315138
0.447337739669817
-1.17723836250834
-0.0719488495165392
-0.952826538671108
-0.254616867304304
0.111717867053596
0.395654473067146
-0.193465914704954
-0.639433572231612
-1.69012108582318
-0.665685487208733
0.0136143653431312
-0.197539437892214
0.0819214684700609
0.197192493149835
-0.260403086154023
-0.320956155624645
-0.0497924469984717
0.116907383932090
-0.339415497060689
0.444215601200231
0.175839053238927
0.882232938151176
0.732467528534337
0.824471648012206
0.704833063239912
-0.336198335491660
-0.591391207737895
-0.306720934325998
-0.139486055117360
-0.165761628010636
0.152928104441778
0.415217236341281
0.635558029894697
0.723337656456903
0.772344682375121
0.720513132395606
0.260326569801479
0.501703040215514
0.529301091784170
0.352530102578515
0.123857776785631
0.131130108859884
0.0284132449831103
0.0628255670259761
0.338066782522787
-0.722789957223862
-0.279754987290061
-0.0978087875955044
-0.756333196628606
-0.499930771620696
-0.650276123242797
-0.439295185122504
-0.938054612303270
-0.341639052710885
-0.111957242379478
0.0791199152424503
0.0419978615948821
-0.327445726197238
-0.316368250067154
-0.0647578840276823
-0.536498493150205
-1.17238956698967
-1.81815547775146
-1.11075732191512
-0.983700228754419
-0.422329548472328
-0.478153972987843
-0.613606319607290
-0.645096666582224
-0.669989328535965
-0.375317572683773
-0.161106598759010
-0.132642397509592
0.214782697705217
-0.410140408148886
-0.250979193604229
-0.210744044720818
-0.557134686618264
-0.463011012435438
-0.728056477989918
0.245801311721524
0.344317615909016
0.300605616115739
0.265712600461611
0.501285226991723
-0.109202511545815
0.352371243764238
0.165228932863965
0.448584459936633
0.480296698559593
0.177697567302057
0.242615404348247
0.245700314307850
0.160898164603318
-0.538121313459408
-0.555765852636454
-0.197986636256056
-0.451032912016133
-0.373341911598013
-0.120880941394920
-1.45600803827949
-1.50031495620964
-2.10475958496128
-2.56596350615622
-2.45176535760475
-3.30353628251848
-1.95420364792622
-0.731671823150298
-0.139235384676646
0.0228076611388222
0.272704612246073
0.0680443040670719
0.282817452634380
0.382524873655441
0.425427786765290
0.219401222192982
0.0868388400050095
0.0513222338232441
-0.0557984842166593
0.292667325489288
-0.275999329075038
-0.113724183117065
0.345717426232408
0.138770048539637
-0.0715065194706861
-0.550646154072617
-0.154693188168429
-0.0714031826027717
0.482212285505865
0.416617090301689
0.498880585597129
0.705381702991300
0.432023565162102
0.345396585234050
0.588291437215604
0.462291933365147
0.102516157871620
-0.440965335231336
-0.00471048953382906
-0.840569955731683
-0.101338369688420
-0.512846230935044
-0.151842688277939
-1.01701692212789
-0.143026452334945
-0.459183192641835
-0.963859375219409
-0.746767891492182
-1.53484620649724
-2.07110194107758
-1.62545595041397
-1.91967664446440
-1.56887893641656
-1.69383187569381
-2.55006037562638
-2.77762605057894
-2.88217086726637
-3.32362874281399
-1.40058323006503
-0.573500083368305
-0.229160990531839
-1.61636552306310
-0.437397505670403
-1.54325727359765
-1.42207945570978
-0.507046244952921
-2.27956393187065
-1.28747019722931
-0.477322040185073
-0.0952588961470164
-0.268460611711743
-0.495462928567646
-0.174250682639138
-1.12918793413190
-1.02361631362055
-0.673753966401501
-0.685448466947001
-1.08165371305445
-0.519095707089542
0.00573014204235870
-0.0623431752618888
-0.0980535993233120
0.131889765348805
0.197113339277192
0.330751455780972
-0.0245579620856220
-0.0962834199622892
-0.215158337035853
-0.0921920252589408
0.0853372830187762
-0.0407705773919762
-1.92927423883586
-1.98013704821546
-1.04906996480622
-0.116004183571745
-0.677837794391693
-0.451422264456798
0.113656381694825
0.169232306810624
0.282186337774976
0.247920326800060
0.215362052530435
-0.722497601255767
-1.38778663550563
-0.138320288243364
0.103396270103407
-0.939100930698548
-0.938865265954549
-1.25631824645304
-1.85847276171962
-1.90537760583027
-1.18764169860670
-1.40736013710671
-1.42300353874140
-0.993938041174912
-0.692739058818558
-0.316904727431140
0.0333338322171273
-0.595925387903577
-0.640963613480998
-1.21674625635766
-0.623936428111922
-1.05570909132298
-0.178728831562224
-0.226321462766633
-0.828631355433242
0.0227963504681115
-1.23037877360743
-0.184283773841949
0.293902603040563
-1.11801777529638
-1.00134411081353
-0.716834708357120
-0.281870866221378
-0.698595418311463
-1.77205850881166
-0.946401054350329
-0.662931811676247
-0.447518391250959
-0.788995444159374
-0.279944424022648
-1.70427981479658
-2.06957113479241
-2.74280646214595
-0.628113229089111
-0.222001758397663
0.0696900552863552
0.345534273219813
-0.236960565576684
-1.26134335160501
-2.06640341259015
-3.20516025159623
-4.14675318943063
-2.59869303060561
-2.12846429675003
-1.74060978447122
-2.02518630137210
-1.47427055020379
-2.01668051559259
-1.41480596063234
-2.14779010338308
-1.63493303595107
-0.616928186135413
-0.236611569730884
-0.459231091652915
-0.434260348102805
-0.0367582489008020
-0.906618615177216
-0.305253381110145
-0.483377793876537
-0.858812876433148
-1.30272514499934
-1.53024758399256
-2.93485034967899
-2.54473633968308
-2.75950000319591
-2.89122629766838
-2.45212124556075
-1.57170390206824
-1.38330415856602
-0.892282490743712
-1.24919970492701
-0.945616518317847
-0.391040082783455
-0.0845178591898042
-1.04935406852693
-1.01626931707538
-1.47418098103241
-1.60685783263403
-0.724920492885029
-0.978332075241711
-1.37082167792564
-1.14156569221594
-1.58189602445229
-2.24664634232753
-1.97095861766232
-1.52939268914664
-1.10647784744571
-1.66597241512313
-2.07811076595949
-1.93159504669803
-0.829571758286472
-0.708316160210822
-0.634462961050503
-1.15085344879052
-1.78238342807587
-0.504714625003930
-0.486027348840090
-0.489508362044668
-0.438075963132554
-0.216935711902725
0.0137897947090202
0.413014189991323
-0.130157333953846
0.480901593816030
0.614248836747533
0.560704374983936
0.918016807150888
1.10949346503389
0.943881404241648
0.724407288271043
0.902919948103813
-0.276141426223513
0.444692577850137
-0.215416259002907
0.426993034463314
-0.0313023910319787
0.225388615977249
0.268010530841068
0.854030740539064
0.610166945257919
0.216006629830669
0.0879062013190428
-0.698603530673448
-0.0440943307734777
0.569012122504510
-0.0906806755276230
0.353027103418625
0.0371543529944685
0.371854464383701
0.609251750842858
0.784534837472077
0.573585066084885
0.701337622879427
0.773425852593262
0.757210116913896
0.495494146938398
0.773875043139198
0.661138925349389
0.574131781986824
-0.387862205849517
-1.19379139580634
-1.52888788395187
-0.507907887863805
-1.01672284286269
-0.330899196784161
0.176687524684470
0.306218120683199
0.136125434155042
0.585772288758380
0.345051345963808
0.993993332373690
0.655174152513528
0.445996710105031
0.904096738994179
0.780380736406786
0.642972813619404
0.860122675885031
1.01948494040528
0.762421740176471
0.342079104892155
0.831503347712205
-0.697288649072886
0.194519486687941
0.559703143387948
0.616555403902314
0.331683381666561
0.365026774314258
0.312105470745076
0.487027845406447
0.577942877063876
0.660130999228950
0.475440459738219
1.07850187414119
0.883470173403261
-0.156079155718649
0.622374878031427
-1.20500246964526
0.0647481476305848
0.701218193151620
0.668884275031232
0.631304628591903
1.23062253629849
0.949001478728650
0.182346263069602
0.734294098613048
1.06783138489178
1.03902507688243
0.632620758044039
0.0741508787450967
-0.637953326011132
-1.82054150673523
-2.13420743246549
-0.231579857018219
0.756074743750708
0.508144976104931
-0.979464057419832
-2.00515205781385
-3.38653433976107
-2.50877333134381
-2.16636925549518
-2.05098794921233
-1.47560644019324
-1.79363745380200
-1.28122378471277
-0.810269853453421
-0.924079050165932
-0.528373677540761
-0.258754470091077
-0.432262720795920
-0.0350717377971488
-0.270463303082771
0.0504146784610248
0.381256755688322
0.252292936523311
0.280648778387502
0.746305990278113
0.853113121013173
0.593822985765560
-0.639706311851876
-0.175824584649448
-0.259201195642823
-1.60160995335883
-2.31692854737417
-3.13346221260746
-4.92725547494612
-2.10382638284041
-0.910612617640052
-0.432542784221886
-0.292963281202310
-0.106473707235158
0.342280868164445
0.238401275139590
0.153728939606206
0.111221629681284
0.481438336982351
0.630514264443109
-0.187550699691654
-0.486112015021672
-1.15160419819964
-1.71653702632546
-2.09864445410401
-2.07634809799113
-1.65844818137064
-1.37869867547627
-1.27310942258571
-2.56762065311802
-1.28996022237836
-0.305075568925882
-0.319863820303470
0.340336808131630
-0.294543515174314
-0.342393637900532
-0.299798965451248
-0.411840947273256
-0.402120697232528
-0.292272469736847
-0.0827532734930478
0.0456488480450892
0.0841147406104422
-0.260008620857510
-0.919747051524814
0.279723293498612
0.316059704957655
0.716532586813512
0.856389437726212
1.01192929668707
1.07912218793497
1.16645159734311
0.987091947448829
1.32025570483520
1.12282681828123
1.07122990486692
1.20952432397950
1.20548290584537
1.03573173203280
1.12615945785470
1.32042945974861
1.59678559403003
1.50296900864230
1.83340018993489
1.89124964944666
1.74331732658330
1.15318650796987
1.69242237028341
1.33405916195357
1.27892352899246
1.34409973504728
1.12458452340094
1.31838498877502
1.34938593920283
1.49677726158901
1.59427470982960
2.03282367681209
1.74175321102795
1.32244980396414
0.198094049048599
-1.44074616212231
-3.07271137854730
-2.84331244484174
-3.39653549439471
-0.472021105387778
0.325624775903272
-0.192498483554205
-0.213344248532503
0.115074788785886
0.0901592050770098
0.218192950456715
0.315168498776633
-0.304175665150378
0.0685060264858425
-0.186478754766693
0.145749597695073
0.396260136698954
-0.425195977060819
-0.496037785567684
0.253220683107001
0.777871906273862
0.785046265762113
0.173321930278240
0.372662594344209
0.364242470922161
0.920492651912504
0.818297836296811
1.08093647391739
1.05127824258853
0.389686262804106
0.978198763259495
1.37335955527817
1.18441390436427
0.716169958684575
0.654596124176930
0.837077840962592
1.08398757228885
0.820963482762862
0.768963897016657
1.37960811441086
1.11409332199432
1.03715520976219
1.25460251419494
1.05677096871701
0.334335504187076
0.872107649618548
0.923408161938764
-1.58726514174626
-1.34169166509046
-1.35164175038861
-0.268160715654637
-1.25839737422276
0.0361399874258481
0.0455064846069516
0.229439807140557
0.715077219243320
0.626369700491114
0.960494481785302
1.30066426107677
1.15351121903009
0.772810317326162
0.737798013791637
0.757528550366446
-0.621219797444126
-1.23405074702426
-2.72917694410259
-2.54146206321716
-0.469539170721674
-2.30525018196706
-2.75444717138678
-1.59672284005966
-1.46178933799592
-2.41241769914796
-3.52014944418072
-2.08054466614802
-1.55832421118109
-1.19155884614994
-0.575450986741481
-0.344660936940658
-0.785193794354081
-1.00104767830033
-1.02749133459625
-0.231553307065491
0.134290385604509
0.365773454147125
0.603081334806471
0.619425884629562
0.588181310674784
0.481275791253489
0.616233585546141
0.0180189751738354
0.260400558133462
-0.349872407216160
0.304929024097525
0.238360283634905
0.147157768481765
0.417490724249830
0.716776274981341
0.845808993619124
0.214444044769952
0.965933010047093
0.478108697374378
0.548806419193878
0.219209963970281
0.136511160976208
0.277614576026090
0.232549106518463
0.166372931314182
-1.23218487587958
-0.855506649227857
-2.18433852919767
-2.37394548460150
-1.33288625948175
-0.844849032015754
-0.901807264241658
-2.37789350826882
-0.745951532418670
-1.55449218853230
-2.41059582914391
-0.684268621469125
-0.555654156620588
-0.782524681659649
-0.734254740517665
-1.31788286614361
-1.15901511141958
-0.232302530514900
-1.38916763144844
-1.58779055481388
-2.48223545471596
-1.59161551894149
-2.08123209778458
-0.807909884461671
-2.92153595531975
-1.00259500762748
-2.00006821171442
-1.85692000467674
-0.235105819610759
0.644146102142283
0.444730530573103
0.763485697269258
0.599938066979968
0.750627760134765
-0.494601163194862
-1.25915983750287
-0.444433854171256
0.524833884905750
0.707774663754830
0.371752553109347
-1.63952742753012
-0.330540917272801
0.570944981624421
0.523492036995470
0.921653443413216
0.753039026882271
1.00510587154214
0.923585021504652
0.942928182853347
1.08991377059277
1.10359306685647
1.01604097684360
1.13217897489988
0.477953297020867
-0.364379648605381
0.0148228166809270
0.707950166872293
0.979358723775155
0.326008227758000
-0.302346590668540
-3.12423206190372
-1.87268170148564
-0.914276026642359
-1.92089470118029
-0.497523703097522
-0.266665513406426
-0.134048631774760
-0.776441514360408
-0.542043773266199
-0.452559203138677
-0.931422933599887
0.126155747365565
0.543730479444183
0.193724592127861
0.358871300196444
0.765245184242762
0.712980381745403
0.916606100704699
0.146224313696144
-0.709509582539271
0.0612018038578027
-1.23946490897279
-1.77693967796441
-2.30701667970684
-0.180324086014084
-2.00208421871486
0.177017709899213
0.287495100930397
0.569481768515963
0.422885399128837
0.467598827390709
0.515819456422823
-0.231055148334166
0.300574746801032
0.472621043313535
0.101729760906667
-1.14072011813323
-0.288345395313731
0.412650348815875
-0.114486608554981
-2.38400397622400
-0.394578637760559
-1.55916324637299
-0.191716472755263
0.349616076848947
1.02735277241292
0.596867530359788
0.709928096324399
-1.38596929257031
-0.534762753495131
0.667981525409912
-0.295927441739773
-1.74252267057645
-0.0131618974512957
-0.377542290538845
-1.14723485816542
0.511135007093657
0.336058095259214
-1.97357439820528
-1.22482885039783
-2.91150371168161
-2.77521662440900
-1.18121184235741
-1.70913112593685
-1.25847904145920
-1.18837675342686
-1.11100530736703
-1.09892742774712
-0.881175429554768
-0.656522722634824
-1.18889794064392
-0.189977981395115
-0.546467761419456
-0.0874810031070049
0.0637020802847780
-0.135589381523528
-0.796527719643599
-0.314563281461422
-0.893155989831149
-1.85073679092216
-0.421010048302790
-0.964663989702837
-0.975471679674177
-0.559255814847164
-1.27434401124703
-0.866223329244242
-0.348183951500292
0.231821030016936
0.486668333827855
0.598145959398080
0.267279827758377
0.403885568677439
-0.324732520801729
-0.468869530053172
-0.301664553773388
-0.829650021322506
-0.440021106967339
-0.0804807814682866
0.0743357419628232
-0.264405424455084
-0.507533093041521
-0.331989729495570
-2.55362787762811
-4.08844843800591
-3.96940513520504
-3.80445016444261
-3.51854362656845