2014060104	053008
2014060104	053016
2014060104	053017
2014060104	053014
2014060104	053002
2014060103	053004
2014060103	053007
2014060103	053010
2014060103	053017
2014060103	053013
2014060109	053079
2014060109	053009
2014060109	053016
2014060109	053013
2014060109	053006
2014060149	053005
2014060149	053008
2014060149	053016
2014060149	053011
2014060149	053017
2014060146	053008
2014060146	053002
2014060146	053007
2014060146	053010
2014060146	053018
2014060108	053010
2014060108	053017
2014060108	053005
2014060108	053072
2014060108	053002
2014060142	053011
2014060142	053005
2014060142	053014
2014060132	053011
2014060132	053002
2014060132	053013
2014060121	053005
2014060121	053017
2014060144	053003
2014060144	053004
2014060144	053007
2014060144	053010
2014060144	053011
2014060126	053006
2014060126	053013
2014060126	053012
2014060126	053007
2014060106	053072
2014060115	053083
2014060138	053017
2014060138	053018
2014060138	053011
2014060138	053016
2014060124	053002
2014060124	053005
2014060124	053013
2014060124	053011
2014060124	053052
2014060113	053010
2014060113	053017
2014060113	053009
2014060113	053007
2014060113	053079
2014060128	053014
2014060147	053030
2014060131	053013
2014060101	053017
2014060248	053003
2014060248	053072
2014060248	053005
2014060248	053002
2014060248	053008
2014060255	053008
2014060255	053083
2014060255	053011
2014060203	053005
2014060203	053002
2014060203	053008
2014060203	053016
2014060240	053003
2014060240	053009
2014060237	053005
2014060237	053016
2014060237	053018
2014060237	053017
2014060242	053005
2014060218	053005
2014060218	053015
2014060218	053007
2014060225	053013
2014060204	053083
2014060234	053001
2014060234	053007
2014060234	053016
2014060234	053079
2014060215	053083
2014060215	053018
2014060216	053002
2014060216	053003
2014060216	053004
2014060216	053016
2014060216	053001
2014060254	053002
2014060254	053003
2014060254	053005
2014060254	053015
2014060254	053008
2014060247	053002
2014060247	053003
2014060247	053005
2014060247	053007
2014060247	053008
2014060257	053002
2014060257	053003
2014060257	053005
2014060257	053007
2014060257	053008
2014060259	053018
2014060217	053003
2014060217	053005
2014060252	053002
2014060252	053003
2014060252	053004
2014060252	053005
2014060252	053001
2012060201	053010
2012060201	053011
2012060201	053012
2012060201	053061
2012060201	053003
2013060451	053072
2013060451	053013
2013060451	053009
2013060453	053011
2013060453	053015
2013060453	053016
2013060453	053018
2014060406	053072
2014060406	053083
2014060406	053052
2014060434	053005
2014060434	053009
2014060434	053018
2014060434	053072
2014060434	053052
2013060367	053005
2013060367	053008
2013060367	053015
2013060367	053017
2013060367	053011
2014060319	053013
2014060319	053014
2014060319	053083
2013060320	053003
2013060320	053004
2013060320	053008
2013060320	053072
2013060320	053006
2014060352	053017
2013060121	053003
2013060121	053009
2013060121	053072
2013060121	053010
2013060121	053017
2014060412	053017
2014060412	053052
2013060336	053002
2013060336	053016
2013060336	053008
2013060336	053061
2013060336	053015
2013060434	053012
2013060434	053009
2013060434	053008
2013060434	053015
2013060434	053018
2013060435	053003
2013060435	053007
2013060435	053009
2013060435	053010
2013060435	053017
2014070349	053052
2014070359	053052
2014060325	053017
2014060325	053052
2014070345	053072
2014060326	053013
2014060448	053018
2014060344	053011
2014060344	053017
2014060344	053010
2014060344	053052
2014060344	053018
2013060309	053072
2013060309	053008
2013060309	053018
2013060309	053061
2012060357	053017
2012060357	053010
2012060357	053013
2012060357	053012
2012060357	053009
2014060424	055033
2014060411	053016
2014060411	056013
2014060411	053018
2014060423	053012
2013060522	056018
2013060522	056027
2013060522	056036
2013060522	056052
2013060522	056067
2013060622	056062
2013060622	056013
2013060622	056027
2013060622	056052
2014060502	 056038
2014060507	053004
2014060507	053005
2014060507	053002
2014060507	053008
2014060507	053006
2014060508	056013
2014060508	056033
2014060511	053006
2014060511	053005
2014060512	053003
2014060512	056018
2014060512	056034
2014060512	056016
2014060513	056062
2014060514	056013
2014060518	056052
2014060520	056052
2014060521	056016
2014060521	056013
2014060524	053005
2014060524	056013
2014060525	053005
2014060526	053002
2014060526	056034
2014060526	053006
2014060526	056049
2014060526	053007
2014060528	053009
2014060531	056018
2014060531	053008
2014060533	053004
2014060533	053003
2014060533	053006
2014060533	053007
2014060533	056013
2014060534	053005
2014060539	056013
2014060542	056034
2014060542	056033
2014060542	053002
2014060542	053005
2014060602	056052
2014060602	056013
2014060603	053006
2014060603	053008
2014060605	056067
2014060605	056008
2014060605	056029
2014060605	056037
2014060605	056033
2014060606	053008
2014060606	056062
2014060606	056033
2014060606	056008
2014060606	056029
2014060614	056052
2014060614	056013
2014060614	056014
2014060614	056018
2014060614	056016
2014060620	053005
2014060620	056016
2014060621	056016
2014060621	056018
2014060621	053007
2014060621	056064
2014060621	053009
2014060622	056018
2014060622	056031
2014060622	053009
2014060622	 056038
2014060622	056052
2014060631	056014
2014060631	056052
2014060631	056013
2014060633	056052
2014060638	056014
2014060641	056013
2014180414	056018
2014180414	056033
2014060740	053005
2014060734	053004
2014060734	053007
2014060734	053005
2014060734	055007
2014060734	055025
2012060861	055022
2012060861	055032
2014060732	053004
2014060732	053001
2014060732	055019
2014060732	053007
2014060732	053009
2014060708	055033
2012060850	055032
2012060850	055038
2014060707	055025
2014060707	053005
2014060743	053002
2014060743	055025
2014060715	053002
2014060715	053005
2014060721	055025
2014060721	055038
2014060723	055018
2014060723	055038
2014060824	053005
2014060824	055018
2014060824	055025
2014060824	055038
2014060824	053006
2014060809	053072
2014060809	055061
2014060809	055018
2014060807	053005
2014060831	053006
2014060831	053072
2014060831	055025
2014060831	053005
2014060831	055022
2014060943	054064
2014060943	054079
2013060936	054007
2013060936	054039
2013060936	053072
2013060936	054079
2013060936	054016
2013060931	054007
2013060931	054028
2013060931	054077
2013061027	054007
2013061027	055025
2013061027	054077
2014060951	054079
2014060951	054064
2014060921	054077
2014060921	054020
2014060932	054016
2014060932	054062
2014060932	053072
2014060932	054020
2013061014	054070
2013061014	053072
2013061014	054007
2013061014	054077
2013061014	054078
2014060910	054077
2014060910	054007
2014060910	055025
2014060910	054020
2014060999	054020
2014060999	055025
2014060999	054077
2014060999	054016
2014061013	054039
2014061013	054020
2014061038	054061
2014061041	054012
2014061041	054014
2014061041	054064
2014061039	054077
2014061002	054017
2014061002	054016
2014061002	054020
2014061002	054043
2014061002	054064
2014061020	054020
2014061025	054026
2014061005	055025
2014061054	054039
2014061054	054020
2014061054	054043
2013060820	053002
2013060820	053003
2013060820	053004
2013060820	053005
2013060820	053007
2013060938	054064
2013060938	054079
2013060938	054039
2013060938	054077
2013061143	055025
2013061143	054081
2012060759	053004
2012060759	053005
2012060759	053002
2012060759	053003
2012060759	055019
2012060807	053003
2012060807	055019
2012060807	055022
2013061021	054070
2013061021	054012
2013061021	054067
2013061021	054028
2012060224	053092
2012060224	053016
2012060224	053011
2012090123	053003
2012090123	053015
2011060429	053065
2013060140	053015
2013060140	053013
2013060140	053018
2011060564	053011
2011060564	053015
2011060564	053018
2011060564	053016
2011060564	053013
2013060323	053018
2013060323	053015
2013060323	053007
2013060358	053007
2013060358	053009
2013060358	053072
2013060358	053012
2013060358	053005
2013060368	053018
2013060368	053072
2009060505	053008
2011060517	053009
2011060517	053007
2011060517	053002
2011060517	053005
2011060517	056042
2013060508	056029
2013060508	056052
2012060611	056008
2013060636	053008
2013060634	053008
2013060469	053015
2013060414	053016
2013060362	053017
2013060362	053010
2013060362	053014
2013060362	053018
2013060362	053011
2013060536	053015
2009060505	053008
2013060368	053014
