-0.018742
-0.010914
-0.012414
0.034916
0.016194
-0.009296
0.008043
-0.007979
-0.012064
0.028494
-0.009235
0.037284
0.014121
-0.044304
0.013245
-0.011765
0.015873
0.014323
-0.021823
-0.031496
0.028455
0.014493
0.019481
-0.019108
0
0.015584
-0.003836
0
0.005135
0.011494
0.034091
0
0.039072
0.008226
-0.006993
-0.028169
0.002415
0.039759
-0.013905
-0.009401
0
0.021352
-0.001161
-0.02907
0.020359
-0.026995
-0.00965
0.007308
-0.006046
-0.006083
0.001224
0.006112
-0.013366
-0.012315
0
-0.002494
0.02375
0.010989
0.009662
0.002392
-0.019093
0.024331
0.008314
0.022379
-0.011521
-0.001166
-0.023337
0.032258
-0.005787
0.005821
-0.00463
0.003488
0.028969
0.007883
0.003352
0.026726
-0.019523
0.019912
-0.016269
-0.003308
-0.012168
0
-0.00112
-0.001121
-0.03367
0.00813
-0.011521
0.01049
0.039216
0.00444
-0.014365
-0.007848
0.036158
0.010905
0.004315
-0.006445
-0.010811
-0.012022
0.007743
-0.01427
-0.002227
-0.004464
0.03139
0.002174
0.005423
0.001079
-0.018319
0.008782
-0.014146
-0.003311
0
-0.031008
0.022857
0
-0.011173
0.00678
0.007856
0.01559
-0.001096
0.034028
0.038751
0.001036
-0.012422
-0.014675
0.024468
0.023884
-0.013185
0.007194
-0.037755
0.00106
-0.014831
-0.009677
0.013029
-0.024652
-0.020879
0.007856
0.002227
0.025556
0.010834
-0.067524
0
0.006897
0.007991
0.011325
0.007839
-0.023333
-0.042093
0.019002
-0.001166
0.008168
-0.003472
-0.012776
-0.021176
-0.021635
-0.003686
0.001233
-0.004926
-0.009901
-0.00375
0.002509
0.003755
0.033666
-0.007238
0.010936
0.003606
0.02994
0.001163
-0.015099
-0.003538
-0.00355
-0.009501
-0.033573
-0.006203
0.003745
-0.027363
-0.001279
0.010243
0.002535
-0.015171
0.053915
0.026797
-0.032028
0.02451
0
-0.008373
-0.006031
-0.006068
-0.001221
-0.006112
0.03813
-0.00237
0
-0.002375
0.003571
-0.00949
-0.017964
0.002439
0.009732
0.00241
0.032452
0.006985
0.002312
-0.00692
-0.011614
-0.001175
-0.014118
0.02148
-0.022196
0
-0.014337
-0.003636
-0.004866
0.008557
0.014545
0.001195
0.008353
-0.00355
0.004751
-0.014184
0.010791
0.03796
0.005714
0.017045
0.021229
0.014223
-0.007551
0.015217
-0.010707
0
0.008658
0.040773
-0.013402
-0.036573
0.009761
0.01826
-0.005274
0.012725
0.059686
0.099802
0.056604
-0.005952
0.022241
-0.020921
0.030769
0.012438
0.037674
-0.052092
-0.004163
-0.005017
0.036134
-0.013788
-0.023026
0.012626
-0.027431
-0.042735
0.021429
-0.011364
0.000884
-0.027385
-0.017257
0.046211
0.060071
0.003333
-0.099668
0.004613
0.023875
0.005381
-0.022302
0.013686
0.009901
-0.024064
-0.013699
-0.02963
0.020038
0.024322
0.024658
-0.018717
-0.000908
0.012727
-0.001795
0.011691
-0.025778
-0.018248
0.022305
0.018182
0
-0.019643
0.000911
0.00455
-0.003623
-0.007273
0.010073
0.055304
0.000859
0.004292
0.017949
-0.018472
-0.035073
0.001773
-0.028319
0.004554
0.028105
0.004409
-0.006146
0.022968
0.013817
-0.012777
0.013805
-0.011064
-0.025818
-0.000883
0.050397
0.039316
-0.018914
0.008382
0.005819
-0.007438
-0.008326
-0.009236
0.047458
-0.003236
-0.000812
-0.026807
0.001669
-0.011667
-0.00253
-0.02874
-0.024369
-0.048171
0.001874
-0.033676
0.010649
-0.023946
-0.026497
-0.002016
-0.087879
-0.019934
0.015819
0.011123
0.083608
0.003046
-0.016194
-0.026749
0.035941
0.040816
-0.019608
-0.034
0.064182
0.048638
-0.03525
0.004808
0
-0.005742
-0.025987
-0.055336
-0.011506
0.045503
-0.029352
-0.009385
-0.015789
-0.02139
0.012022
0.028078
0.023109
0.024641
0.001002
-0.006006
0.005035
-0.019038
-0.004086
0.038974
0.002962
-0.00689
-0.017839
-0.002018
0.007078
-0.02008
-0.016393
-0.002083
-0.002088
0.016736
-0.009259
-0.018692
0.003175
-0.00211
-0.01797
0.04521
-0.008239
0.003115
-0.011387
0.040838
0.014085
0.014881
-0.000978
-0.007828
-0.021696
-0.032258
0.003125
0.006231
-0.029928
-0.02234
-0.019587
0.005549
0.007726
0.046002
-0.016754
0.00213
0.003188
-0.025424
-0.001087
-0.013058
0
0.011025
0.001091
-0.010893
-0.001101
-0.012128
-0.006696
-0.019101
0.013746
0.025989
0.014317
0.019544
-0.020234
0
-0.019565
-0.005543
-0.011148
-0.018038
0.011481
-0.005675
-0.007991
0.025316
0.032548
-0.013043
0.002203
-0.02967
-0.014723
-0.010345
-0.00813
0.002342
0.015187
0.008055
-0.022831
0.010514
0.010405
0
-0.008009
-0.005767
0.0058
-0.014994
-0.001171
0.001172
-0.012881
-0.01898
-0.001209
-0.014528
-0.035627
-0.007643
0.005135
0.010217
-0.013906
0.029487
-0.021171
0.021628
-0.004981
-0.018773
-0.045918
-0.006684
-0.001346
0.005391
-0.010724
-0.01897
-0.001381
-0.008299
0.002789
-0.015299
0.007062
0.012623
0.055402
-0.01706
0.040053
-0.017972
-0.001307
-0.013089
-0.02122
0.004065
0.013495
0.005326
-0.003974
-0.014628
-0.005398
0
-0.013569
0.013755
-0.006784
-0.021858
-0.065642
-0.017937
0.016743
-0.013473
0.019727
-0.011905
0.042169
-0.023121
0.08284
-0.006831
-0.016506
0.048951
0.013333
0.014474
-0.023346
0.030544
-0.020619
-0.013158
0.001333
0.066578
0.006242
-0.009926
-0.016291
0.016561
0.017544
-0.003695
-0.001236
0.02599
-0.022919
0.001235
0.004932
-0.01227
0
-0.012422
-0.002516
-0.021438
0.014175
-0.015248
0.003871
-0.015424
0.010444
0.007752
0.024359
-0.006258
0.003778
-0.003764
-0.005038
-0.020253
0.00646
0.01027
-0.013978
-0.012245
0.008264
0.028689
0.01328
-0.006553
0.015831
-0.001299
0.006502
0
0.01938
0.032953
-0.004908
0.007398
0.034272
0.010651
0.001171
-0.017544
-0.02381
0.013415
-0.00722
0.006061
0.010843
0.001192
0.00119
0.002378
-0.020166
-0.016949
-0.002463
-0.01358
0.017522
0.00246
-0.007362
0.004944
0.01599
0.007264
-0.00601
-0.020556
0.002469
0.003695
0.039264
0.034238
-0.009132
-0.013825
0.015187
0.013809
0.007946
-0.002252
-0.018059
-0.010345
0.03252
0.005624
0.026846
0.022876
0.040469
0.004094
0.004077
0.015228
-0.037
0.028037
-0.016162
0.021561
-0.021106
-0.016427
-0.006263
-0.008403
0.018008
-0.005203
-0.001046
-0.019895
0.004274
-0.002128
0.002132
-0.020213
0.013029
0.002144
-0.020321
0
0
-0.015284
0.011086
0.005482
0.008724
0.027027
0.017895
0.016546
-0.021363
-0.016632
-0.002114
0
-0.020127
-0.004324
0.006515
-0.004315
0.005417
-0.006466
0.011931
0.01179
-0.005297
-0.00639
-0.01179
-0.004338
0.028322
0.003178
0.01056
0.007315
-0.013485
-0.010515
-0.010627
0.004296
0
-0.013904
-0.002169
-0.01087
-0.001099
-0.034103
0.027335
0.022173
-0.004338
0.023965
-0.010638
0.009677
-0.01065
0.004306
0.007503
0.019149
0.002088
0.011458
-0.020597
0.016824
-0.020683
-0.019007
-0.010764
0.005441
0.014069
0.083244
-0.006897
0.001984
0.016832
0.061344
-0.023853
0.027256
0.024703
0.04375
-0.019675
0.073298
-0.071545
0.04641
0.006695
-0.028263
-0.033362
0.020354
0.034692
-0.025985
-0.012048
0.020906
0.00256
-0.061277
0.017226
0.049911
0.055178
0.016895
0.099684
0.072662
-0.036888
-0.009053
-0.044975
-0.010302
-0.024535
-0.003811
0.002295
0.051145
-0.018155
-0.099852
0.01479
0.05668
0.040613
0.025037
-0.015805
-0.037956
-0.013657
0.000769
0.008455
-0.018293
0.006211
-0.012346
-0.007813
-0.04252
0.001645
0.019704
-0.000805
0.004835
0.023256
-0.009404
0.010285
-0.028974
0.03629
-0.007782
0.001569
-0.044636
0.001639
-0.026187
0.003361
0.023451
-0.016367
-0.007488
0.024308
0.000818
0.021259
0.011209
0.04038
-0.020548
0.020979
0.016743
-0.023204
-0.02069
0.013302
0.030888
0.066667
-0.029494
-0.007236
-0.009475
-0.010302
0.020074
0.007289
0.059334
-0.021858
0.003492
-0.017397
-0.015581
0.028777
0.025874
-0.031357
0.019001
0.027624
-0.008065
-0.023035
0.019417
-0.034694
0.003524
0.025281
-0.003425
-0.053608
-0.015251
0.003687
0.01396
0.019565
-0.010661
0.056034
-0.007483
-0.029472
-0.022599
0.023121
-0.007768
0.007117
0.024028
0.036577
0.049933
-0.023462
-0.068182
0
0.036934
-0.005376
0.016892
-0.003987
0.038692
0.032755
-0.026119
-0.00894
-0.012887
0.010444
-0.034238
-0.038127
0.013908
-0.027435
-0.044429
0.053137
0.007708
-0.012517
-0.054225
0.01936
0.060628
-0.018595
-0.002807
-0.03589
0.086131
-0.022849
-0.088033
0.097285
0.028866
0.008684
-0.036424
0.010997
-0.00068
0.02517
0.01858
-0.02215
0.013094
0.031293
0.016491
-0.07852
0.029577
-0.001368
-0.035616
0.007102
0.030324
0.01232
-0.022989
-0.007612
0.018131
0.032192
0.033179
-0.041105
-0.003349
0.004704
-0.012709
-0.036585
0.019691
-0.015172
-0.02591
-0.051761
-0.014405
0.019231
-0.005283
0.030349
0.0162
0.031159
-0.000703
-0.043601
0.005882
0.005848
-0.015988
-0.00517
-0.020787
-0.012889
0.03149
-0.024572
0.001527
0.004573
0.00607
-0.008296
-0.004563
-0.014515
-0.003876
-0.019455
0.010317
0.026709
0.012242
0.018896
-0.000742
-0.014105
0.018072
0.009615
-0.008791
0.001478
-0.023616
0.00907
0.029213
-0.005095
0.001463
-0.002191
-0.002928
0.003671
-0.008047
0.007375
0.030747
0.002841
0.006374
0.013371
-0.009028
-0.007008
-0.005646
-0.013485
0.007194
0
0.047857
-0.011588
-0.00069
-0.008282
0.009047
0.004138
-0.004121
-0.016552
0.056802
0.100199
0.100121
0.04989
-0.008877
-0.05058
-0.013873
0.100169
-0.000512
0.018424
0.009045
0.049801
-0.04222
0.10005
0.099955
-0.099877
-0.100045
0.000505
-0.049495
-0.003719
-0.0256
-0.00821
0.011038
-0.019651
-0.003898
-0.025713
-0.018359
-0.001753
-0.003513
0.021739
0.017826
0.00452
-0.020247
0.028703
-0.003349
0.00175
0.025626
0.015332
0.100112
0.065074
0.043914
0.004572
-0.035048
-0.023113
0.099952
0.100088
0.10016
-0.062387
-0.010445
-0.038702
0.004473
0
-0.028745
-0.018758
-0.027613
0.000874
-0.010912
0.100177
-0.059767
0.014078
-0.013883
-0.005119
-0.002144
0.015041
-0.019052
0.014243
0.003404
0
0.00212
-0.000423
0.042337
0.096669
-0.056296
-0.031397
0.018639
0.026253
0.007364
0.006926
-0.007642
0.010012
0.014106
0.007895
0.001119
-0.031297
0
-0.006538
0.004259
-0.0266
-0.000396
-0.009113
0.006397
-0.015892
-0.000807
0.006869
0.034912
-0.034509
-0.001205
-0.011259
-0.017487
0.002483
0.085879
0.009886
-0.021461
-0.011158
0.048249
-0.009651
0.011994
0.026667
-0.011544
-0.00365
-0.00293
-0.010654
0.010026
-0.030147
-0.00834
0.031346
-0.000371
-0.019281
-0.035917
-0.004706
-0.009456
-0.015911
0.002829
-0.062475
-0.008598
-0.033391
0.001795
0.005822
-0.060552
-0.036493
0.007378
0.006348
-0.015041
0.017241
0.037288
-0.010271
-0.016981
-0.013916